10;0.000187;-0.164189;412.433293;0.001027;-1.197865;912.123331
11;0.000155;-0.135594;406.741836;0.000830;-1.029422;881.341944
12;0.000482;-0.409471;457.447269;0.000983;-1.166972;907.775165
13;0.000503;-0.426423;459.939918;0.000779;-0.986986;873.804484
14;-0.000092;0.045258;380.897335;0.000797;-1.006752;877.708303
15;0.000501;-0.423716;459.230293;0.001030;-1.206375;913.801392
16;0.000524;-0.448695;465.251578;0.000990;-1.170681;906.257625
17;0.000382;-0.312406;433.448583;0.001007;-1.188499;910.955626
18;-0.000112;0.057508;379.545783;0.000962;-1.154584;905.683546
19;-0.000068;0.017913;387.850263;0.000980;-1.158922;902.998362
20;0.000543;-0.464918;468.350071;0.001021;-1.194147;909.860547
21;0.000552;-0.473375;470.051432;0.000992;-1.169887;905.343636
22;0.000521;-0.441436;462.126397;0.000938;-1.133167;901.290005
23;-0.000075;0.023865;386.596396;0.000989;-1.166677;904.452702
24;-0.000068;0.017913;387.850263;0.000996;-1.176754;907.894635
25;0.000543;-0.464918;468.350071;0.001021;-1.194147;909.860547
26;0.000552;-0.473375;470.051432;0.000992;-1.169887;905.343636
27;0.000506;-0.434297;461.725554;0.000711;-0.977936;880.136006
28;0.000807;-0.690714;510.674455;0.000482;-0.811967;854.259577
29;0.000150;-0.139493;408.578966;0.000499;-0.843635;865.689315
30;0.000538;-0.470149;471.517565;0.000533;-0.875858;875.217664
31;-0.000135;0.070109;377.609199;0.000441;-0.859041;889.902386
32;-0.000154;0.146761;343.487309;-0.000261;-0.332139;814.338596
33;-0.000082;0.028023;385.064400;-0.000372;-0.276169;816.554835
34;0.000916;-0.782611;529.084124;-0.000182;-0.451805;857.344006
35;0.000097;-0.133819;419.128150;-0.000226;-0.447572;867.360616
36;0.000475;-0.430706;468.751888;-0.000043;-0.598504;901.691388
37;0.000732;-0.627467;499.005464;0.001250;-1.866823;1165.219083
38;0.000806;-0.682767;508.067791;0.001857;-2.375604;1264.456008
39;0.001005;-0.855776;542.311661;0.001830;-2.390061;1282.052172
41;0.001005;-0.846977;537.493548;-0.002414;2.011360;45.785317
42;0.000919;-0.774654;525.097801;0.002792;-3.215402;1329.139621
43;0.000904;-0.753247;521.072716;-0.001490;1.076205;277.420269
44;0.000669;-0.530017;475.617924;0.001721;-2.188111;1092.858333
45;0.001019;-0.847171;536.965538;0.003360;-3.757123;1456.737019
46;0.001002;-0.839044;535.175632;-0.002101;1.695689;131.639463
47;0.000072;-0.114175;414.095500;-0.001743;1.342038;218.846505
48;-0.000355;0.303139;326.178239;-0.000752;0.373537;446.266572
49;0.000222;-0.125839;382.219814;-0.000242;0.064801;457.366458
50;-0.000211;0.141546;375.683737;-0.004518;3.024789;97.313808
51;0.000357;-0.325831;449.713163;-0.002849;2.121451;112.162189
52;-0.000022;-0.027248;406.841350;-0.000811;0.621299;311.214919
53;-0.000423;0.374693;308.255620;-0.001698;1.334809;191.020937
57;-0.000766;0.705074;232.609309;-0.002071;1.711508;111.526548
58;-0.000230;0.243138;321.340023;-0.002048;1.727083;92.995858
59;-0.000641;0.596070;252.754881;-0.001335;1.154886;190.286920
60;-0.000663;0.639906;238.540859;-0.000897;0.845636;238.446323
61;-0.000659;0.627503;242.357864;-0.000982;0.971188;222.513479
62;-0.000513;0.516446;260.926749;-0.000853;0.864384;228.009749
63;-0.000216;0.268064;306.761202;-0.000684;0.702436;259.676375
64;0.000387;-0.242467;399.612787;-0.000870;0.809824;248.521433
65;0.000038;0.072741;337.382972;0.000212;-0.140594;437.967748
66;0.000025;0.089047;332.801520;0.003387;-2.637473;921.630013
67;0.000018;0.097557;330.692856;0.006028;-4.972230;1429.546814
68;0.000013;0.099789;329.751155;0.006010;-4.986976;1432.508662
69;0.000141;-0.067082;375.938162;0.002053;-1.697934;831.078497
70;0.000436;-0.308516;414.362401;0.001590;-1.276480;736.320884
71;0.000371;-0.251094;404.450681;0.001445;-1.133963;698.160405
72;0.000238;-0.142156;388.273932;0.001681;-1.345731;732.674500
73;0.000370;-0.231567;396.146743;0.001421;-1.114987;682.086629
74;-0.000315;0.261973;336.623925;0.001101;-0.824606;621.581287
75;-0.000175;0.146799;357.004043;0.001089;-0.818461;618.051871
76;-0.000109;0.105197;359.192297;0.000874;-0.655341;589.166170
77;-0.000240;0.213138;338.701669;0.000925;-0.698431;596.047663
78;-0.000068;0.079845;360.074792;0.000930;-0.693427;594.466443
79;-0.000015;0.041719;364.719023;0.000988;-0.730230;601.164558
80;0.000104;-0.051428;379.044389;0.000882;-0.664072;594.162403
81;0.000101;-0.043548;375.245154;0.000851;-0.660615;599.936681
82;0.000123;-0.054464;374.467298;0.000770;-0.603357;593.869326
83;0.000180;-0.101367;382.831099;0.000735;-0.577289;594.112095
84;0.000287;-0.195698;402.034779;0.000706;-0.592527;607.701172
85;0.000267;-0.175231;396.188804;0.000670;-0.597539;619.324428
86;0.000263;-0.171746;394.909924;0.000652;-0.611818;634.417224
87;0.000309;-0.219328;406.982221;0.000621;-0.598282;640.684225
88;0.000440;-0.332120;428.777947;0.000397;-0.482748;639.431678
89;0.000346;-0.244580;407.225787;0.000366;-0.512994;665.690173
90;0.000415;-0.308364;421.570719;0.000007;-0.314546;662.855023
91;0.000599;-0.453813;444.327428;-0.000346;-0.134819;669.825256
92;0.000576;-0.428241;439.665546;-0.001125;0.321171;653.543017
93;0.000228;-0.126328;382.437607;0.000740;-1.674412;1174.729908
94;0.000312;-0.204159;398.722587;0.002535;-1.720537;685.213104
95;0.000391;-0.276645;414.844267;0.003907;-2.980726;960.656442
96;0.000233;-0.154541;395.739043;0.003158;-2.387567;864.831888
97;0.000217;-0.138073;391.734067;0.003181;-2.408312;868.204775
98;0.000180;-0.100931;381.654047;0.003241;-2.469859;883.579159
99;0.000291;-0.184846;394.455022;0.003325;-2.550382;901.078577
100;0.000359;-0.242221;405.661804;-0.000374;-0.069840;693.770874
101;0.000407;-0.292297;416.666219;0.002837;-2.248558;856.483538
102;0.000342;-0.231756;402.834219;0.002832;-2.240704;855.054896
103;0.000468;-0.350193;429.572735;0.002725;-2.153157;840.776049
104;0.000420;-0.305588;419.492243;0.002816;-2.238360;856.283745
105;0.000298;-0.201538;399.110025;0.002615;-2.068710;823.027052
106;0.000393;-0.280138;413.842194;0.002490;-1.973342;809.127397
107;0.000439;-0.327971;424.273587;0.002527;-1.986922;806.256555
108;0.000456;-0.343267;427.643585;0.002303;-1.794488;770.986623
109;0.000486;-0.372208;434.077837;0.002531;-2.000067;815.399608
110;0.000397;-0.285789;414.928279;0.007527;-6.717297;1897.926326
111;0.000323;-0.214514;401.361508;0.007661;-6.843388;1928.311676
112;0.000368;-0.250495;407.001710;0.002829;-2.270665;878.047026
113;0.000433;-0.308634;418.319963;0.003135;-2.534781;931.359542
114;0.000258;-0.175968;398.081719;0.002854;-2.258406;868.173728
115;0.000276;-0.190799;399.949134;0.003070;-2.527372;951.089805
116;0.000378;-0.267676;410.806689;0.002906;-2.364185;911.276356
117;0.000446;-0.324839;422.133919;0.003012;-2.479523;941.892161
118;0.000484;-0.372564;436.323282;0.003652;-3.081195;1078.390289
119;0.000493;-0.371824;432.638698;0.001951;-1.468493;707.824082
120;0.000552;-0.424742;444.290869;0.001866;-1.385665;691.173299
121;0.000345;-0.241455;405.944150;0.002032;-1.486025;708.330003
122;0.000419;-0.294079;412.544612;0.001899;-1.396102;697.117885
123;0.000666;-0.511212;456.540705;0.001935;-1.397235;695.509251
124;0.000571;-0.434159;444.458246;0.001002;-0.767457;599.233627
125;0.000277;-0.187764;398.955428;0.001021;-0.806546;617.386808
126;0.000358;-0.252567;410.165554;0.001102;-0.903747;652.527126
127;0.000354;-0.264114;414.394274;0.001119;-0.983091;692.545218
128;0.000321;-0.222595;403.397869;0.001311;-1.256093;782.660955
129;0.000488;-0.362948;430.008253;0.002571;-2.096041;868.902119
130;0.000493;-0.369414;431.677779;0.002326;-1.850058;808.312454
131;0.000450;-0.329319;422.936829;0.001951;-1.418791;685.100781
132;0.000467;-0.336973;421.329604;0.001894;-1.361782;673.108253
133;0.000477;-0.346357;423.362256;0.002047;-1.446965;676.192423
134;0.000558;-0.422793;440.253731;0.001091;-0.693879;554.070195
135;0.000528;-0.405522;439.486515;0.000927;-0.548037;524.709954
136;0.000583;-0.447336;445.547752;0.000546;-0.164968;442.963661
137;0.000589;-0.448281;447.294744;0.000128;0.248847;355.655499
138;0.000471;-0.330335;418.172389;0.003227;-3.540444;1484.466553
139;0.000533;-0.398110;435.990642;-0.000092;-0.742702;964.744082
140;0.000475;-0.346059;424.511563;-0.000684;0.825700;281.372735
141;0.000741;-0.587172;476.753518;-0.001574;1.543263;171.089016
142;0.000515;-0.380469;430.298920;-0.002229;2.126751;67.081911
143;0.000672;-0.518981;460.155400;-0.002099;1.370353;439.928702
144;0.000588;-0.441007;441.675708;-0.003334;2.157277;384.281488
145;0.000626;-0.473540;447.792815;-0.004688;3.003527;337.679755
146;0.000641;-0.488813;450.877938;-0.004877;3.351858;208.201358
147;0.000561;-0.416254;434.716800;-0.005030;3.336201;260.335146
148;0.000662;-0.499849;454.446101;-0.005894;4.151295;72.409892
149;0.000625;-0.466965;446.851269;-0.005949;4.184970;70.849946
150;0.000550;-0.403363;433.848622;-0.005487;3.762735;164.186413
151;0.000488;-0.366847;431.790873;-0.005560;3.889195;130.793893
152;0.000592;-0.441765;440.714394;0.000310;-0.142880;495.831129
153;0.000777;-0.615351;479.924149;0.000197;-0.130653;527.637242
154;0.000832;-0.665994;491.793158;0.000258;-0.314894;616.400315
156;0.000689;-0.535441;462.103085;-0.002141;2.021251;65.866724
158;0.000657;-0.492889;453.791002;-0.002129;1.996966;82.156479
159;0.000586;-0.424627;436.909814;-0.002304;2.147585;59.401200
160;0.000557;-0.422356;446.026422;-0.002619;2.380798;30.076047
161;-0.000478;0.411777;302.074980;-0.002220;2.120284;57.159171
162;-0.000383;0.318596;323.816989;-0.001608;0.594877;707.189003
163;-0.000485;0.404837;309.007687;-0.001856;0.794712;676.058493
164;-0.000480;0.403421;307.583662;0.000055;0.085798;440.841554
165;-0.000044;0.052530;367.403440;0.001632;-1.251509;686.537499
166;-0.000121;0.120725;353.685080;0.001057;-0.781222;603.043035
167;-0.000078;0.072826;367.295086;0.001426;-1.171340;705.536362
168;-0.000372;0.306822;326.591572;0.001621;-1.327956;734.733639
169;0.000083;-0.064464;392.095750;0.001791;-1.584135;818.914917
170;-0.000161;0.158991;345.572626;0.001441;-1.139813;687.871990
171;-0.000111;0.104270;360.200341;0.002314;-1.858624;827.915826
172;-0.000488;0.414687;304.269699;0.002387;-2.120688;943.491598
173;0.000020;-0.011669;382.167200;0.004906;-4.542692;1513.040601
174;-0.000059;0.067186;363.451619;0.001240;-1.002984;677.153203
175;0.000005;0.001964;379.767321;0.003885;-3.418916;1205.972624
176;-0.000381;0.300514;332.526625;0.003616;-3.293620;1223.620930
177;0.000030;-0.023249;384.700380;0.005731;-5.053916;1568.569975
178;-0.000238;0.167436;360.039846;0.005361;-4.891596;1575.438430
179;0.000066;-0.052431;390.483955;0.005615;-5.300588;1717.674607
180;-0.000314;0.244040;341.653225;0.005619;-5.389512;1768.472284
181;-0.000184;0.122509;367.249704;0.003657;-3.436438;1297.996046
182;-0.000088;0.054077;376.298459;0.004600;-4.436831;1563.993772
183;0.000089;-0.079146;395.875135;0.000775;-0.683882;658.090205
184;0.000047;-0.045834;390.253668;-0.000023;0.009037;518.854578
185;-0.000213;0.142932;364.084771;0.001586;-1.518538;907.725927
186;-0.000154;0.094409;371.900858;0.002351;-2.252498;1056.015485
187;-0.000264;0.192379;351.730945;0.003000;-2.920330;1219.237030
188;-0.000480;0.398065;311.321816;0.002947;-2.893520;1219.774859
189;-0.000430;0.355750;319.567422;0.002087;-2.141129;1070.764325
190;-0.000442;0.365838;317.920646;0.002274;-2.229550;1066.137971
191;-0.000099;0.104740;357.641915;-0.000138;-0.042479;606.479812
192;-0.000406;0.330084;325.960025;-0.000176;-0.010122;599.862710
193;-0.000448;0.368619;317.488835;-0.000479;0.168793;601.103744
194;-0.000149;0.148869;348.955525;-0.001098;0.702719;486.537781
195;-0.000466;0.391863;311.414245;0.000169;-0.488628;760.922163
196;-0.000416;0.356887;315.650733;0.001850;-1.919947;1038.234125
197;-0.000400;0.340899;319.359259;0.001636;-1.818685;1060.226294
198;-0.000075;0.096790;356.961495;-0.002225;1.494581;417.115597
199;-0.000468;0.403964;307.040128;-0.002419;1.627206;416.858727
200;-0.000428;0.366098;316.035095;-0.002980;1.990804;385.634014
201;-0.000135;0.152067;346.082222;-0.003553;2.373572;355.476817
202;-0.000346;0.298820;329.027325;-0.004352;2.885996;308.982647
203;-0.000358;0.323696;322.067817;0.066758;-75.582196;21891.044894
207;-0.000214;0.228368;336.547792;0.037926;-43.668656;13009.414458
208;-0.000309;0.294261;326.480410;0.072088;-83.698648;24727.009414
209;-0.000222;0.232930;336.277099;0.082120;-96.071093;28538.889291
210;-0.000187;0.206607;340.523382;-0.003705;2.225918;464.273294
211;-0.000360;0.323499;320.526582;-0.006114;3.889255;203.146910
213;-0.000495;0.412597;306.241814;0.002815;-2.256692;911.053328
214;-0.000457;0.381381;311.699621;0.002899;-2.360540;948.356695
215;-0.000481;0.400445;308.951870;0.000489;-0.588028;661.956732
216;-0.000505;0.419831;305.449372;0.000463;-0.458982;616.376254
217;-0.000206;0.221326;336.149276;0.000930;-0.689622;618.076545
218;-0.000496;0.412863;306.654408;-0.001065;1.207804;237.627061
219;-0.000492;0.410141;307.027853;-0.001920;1.805647;146.113302
220;-0.000421;0.349419;317.370376;0.000285;-0.005261;480.624067
221;-0.000125;0.129089;350.891143;0.001748;-1.210163;699.663925
222;-0.000455;0.375591;314.007000;-0.001973;1.646157;225.896215
223;-0.000131;0.137064;348.541718;-0.001684;1.510901;252.595763
224;-0.000466;0.392180;308.986309;-0.001270;1.085477;355.502220
226;-0.000449;0.379459;311.312858;-0.000510;0.278506;579.689659
227;-0.000502;0.422447;303.563064;-0.000976;0.414069;639.835920
228;-0.000451;0.376640;312.396116;-0.003614;2.160147;479.414542
229;-0.000460;0.381071;312.800189;0.001766;-1.728517;917.194245
230;-0.000455;0.377920;313.293935;-0.004718;3.060282;315.419516
231;-0.000493;0.413889;305.283449;0.000502;-0.758386;775.105151
232;-0.000484;0.401669;308.433094;-0.001819;1.376680;366.616405
233;-0.000475;0.399564;307.721678;0.000608;-0.844044;787.132376
234;-0.000419;0.348379;319.367864;0.000979;-1.196154;857.937617
235;-0.000453;0.381751;311.021504;0.000805;-1.054735;835.352534
236;-0.000471;0.397242;307.638106;0.001036;-1.254757;874.579415
237;-0.000451;0.379401;312.277492;0.001831;-1.936243;1006.840418
238;-0.000460;0.388996;309.236673;0.001835;-1.943772;1012.174673
239;-0.000407;0.348700;315.372284;0.001147;-1.335192;894.573634
240;-0.000461;0.392935;308.043442;0.001516;-1.646344;963.137293
241;-0.000453;0.387219;309.530042;0.000261;-0.484742;731.329118
242;-0.000441;0.372205;312.268616;0.000404;-0.598324;758.183314
243;-0.000406;0.331749;324.071822;0.002220;-2.158476;1056.896784
244;-0.000394;0.342172;316.404982;0.000646;-0.937711;837.352701
245;-0.000423;0.364785;313.376778;0.001531;-1.593379;958.942396
246;-0.000416;0.367445;310.225901;0.001874;-1.802983;994.368502
247;-0.000370;0.325953;318.489831;0.001607;-1.559407;943.936612
248;-0.000396;0.339144;317.897885;0.000671;-0.776033;800.861132
249;-0.000397;0.343960;317.434449;0.000713;-1.199824;927.580549
250;-0.000346;0.302879;325.106225;0.000476;-0.642837;792.576832
251;-0.000356;0.318163;320.809613;0.000837;-0.829085;808.922665
252;-0.000294;0.269276;329.513362;-0.000475;-0.419037;813.566034
253;-0.000413;0.353501;315.544926;-0.003637;2.815581;163.835997
254;-0.000311;0.277417;328.729375;0.000245;-0.948364;888.217753
255;-0.000297;0.269734;329.631851;0.000077;-0.699215;787.145965
256;-0.000515;0.433102;300.680900;0.001210;-1.201038;807.305908
257;-0.000498;0.411829;306.602411;-0.002646;2.300030;132.939978
258;-0.000498;0.416923;303.863660;0.000726;-0.702918;702.255283
259;-0.000505;0.421234;303.626538;0.001708;-1.511922;857.771083
260;-0.000447;0.364334;316.690520;0.001234;-1.173951;814.880885
261;-0.000500;0.418392;303.574331;0.000601;-0.672370;746.709881
262;-0.000463;0.383495;312.165599;0.000637;-0.872768;825.199235
263;-0.000484;0.403521;307.072114;0.003171;-3.082314;1274.572747
264;-0.000456;0.372817;315.911331;0.003362;-3.332442;1385.960996
265;-0.000430;0.357723;315.892151;0.003113;-2.885170;1233.670578
266;-0.000464;0.380323;313.331164;-0.001928;2.131256;6.122079
267;-0.000361;0.296110;328.887524;0.000229;0.204964;413.759962
271;-0.000445;0.376988;310.779619;0.008658;-8.229984;2419.601154
274;-0.000407;0.337880;320.916871;-0.002751;1.893469;435.471588
275;-0.000428;0.361550;313.717195;-0.003290;2.329070;367.120010
276;-0.000449;0.384856;307.792870;0.004857;-4.416724;1497.613085
277;-0.000362;0.303233;326.471963;0.003984;-3.588491;1303.370737
278;-0.000383;0.325883;321.363466;0.005045;-4.577766;1513.920760
279;-0.000394;0.326678;323.877390;0.005440;-4.993041;1627.336253
280;-0.000383;0.327827;320.134921;0.003837;-3.335664;1212.625256
281;-0.000383;0.338451;316.041006;0.006465;-5.839270;1805.249250
282;-0.000455;0.404072;302.435307;0.006391;-5.729374;1777.385870
283;-0.000396;0.344325;316.294772;0.004081;-3.764249;1368.750808
284;-0.000372;0.332656;316.280038;0.005050;-4.524339;1513.908757
285;-0.000348;0.315982;320.973205;0.003968;-3.537851;1296.733094
286;-0.000325;0.277418;331.951657;-0.002260;2.280634;7.561027
287;-0.000261;0.235611;337.701931;-0.002403;2.234890;71.850870
290;-0.000381;0.324571;320.572882;-0.001907;1.676357;250.602219
291;-0.000171;0.198346;336.120990;-0.002940;1.911507;366.991295
292;-0.000457;0.382395;309.134919;-0.004575;3.426778;26.546837
293;-0.000396;0.331578;318.500677;0.093672;-110.766839;33156.593365
294;-0.000525;0.442355;297.158094;-0.001444;0.733236;617.404478
295;-0.000448;0.378558;308.828417;0.083223;-101.083341;31122.891022
296;-0.000458;0.384938;308.146908;-0.002727;1.813790;428.499079
297;-0.000467;0.393744;306.127412;-0.002332;1.588350;467.265893
299;-0.000480;0.406404;303.388520;-0.001291;1.526068;86.572545
300;-0.000222;0.208437;334.633072;-0.001091;1.360689;123.028508
301;-0.000445;0.383916;305.124140;-0.000116;0.505077;299.955071
302;-0.000510;0.436245;295.815287;-0.000674;1.053238;174.882903
310;-0.000492;0.415911;301.668769;-0.000107;0.066184;509.626733
312;-0.000438;0.368431;311.206997;-0.000530;0.679443;331.304390
313;-0.000461;0.389107;306.641251;-0.002413;1.347600;604.903088
314;-0.000487;0.408849;303.845365;-0.002698;1.647951;547.750661
315;-0.000428;0.361514;311.698856;-0.002636;1.623177;553.299408
316;-0.000459;0.386189;307.534711;-0.001203;1.284656;208.932904
317;-0.000515;0.440392;294.842795;0.000916;-0.626104;632.544536
318;-0.000488;0.411404;302.320463;0.000615;-0.377515;588.244636
319;-0.000503;0.424958;300.007843;0.000611;-0.458087;618.818115
320;-0.000401;0.342089;314.343190;0.000303;-0.294353;610.023356
321;-0.000507;0.428602;298.889974;0.000773;-0.682982;695.315344
322;-0.000514;0.436707;296.901066;0.000759;-0.790707;746.564942
323;-0.000470;0.402477;302.276484;0.002136;-1.912920;981.358308
324;-0.000512;0.433890;297.441300;0.000077;0.196798;458.815495
325;-0.000454;0.386101;306.091645;0.002513;-2.065736;969.105747
326;-0.000539;0.461112;291.559655;0.002321;-1.930009;950.512470
327;-0.000553;0.474133;287.031070;0.002630;-2.142104;985.775075
328;-0.000530;0.448949;294.781434;-0.000632;0.665766;398.381163
329;-0.000435;0.368687;309.226277;-0.000452;0.551795;415.794852
330;-0.000418;0.354949;311.692502;-0.002008;1.847109;175.985952
331;-0.000444;0.375810;308.254197;0.000887;-0.509157;613.333235
332;-0.000514;0.441194;294.459497;0.001277;-0.855453;681.802337
333;-0.000451;0.380577;307.868302;-0.000441;0.135269;544.214054
334;-0.000411;0.348938;312.728718;0.000621;-0.185795;542.648290
335;-0.000513;0.441945;293.363282;0.001212;-0.794951;700.480032
336;-0.000487;0.412538;301.425994;-0.004343;3.109488;246.313681
337;-0.000411;0.352978;310.752676;-0.000145;0.019037;555.163270
338;-0.000497;0.425139;298.035737;-0.000290;0.130649;535.234797
339;-0.000409;0.351210;311.649013;-0.000376;0.206427;521.432848
340;-0.000498;0.424785;298.282595;-0.000041;-0.095459;583.231395
341;-0.000365;0.318935;315.797141;-0.000346;0.175814;528.255282
342;-0.000414;0.360823;307.981082;-0.000188;0.019857;564.595256
343;-0.000432;0.370213;307.578900;0.000010;-0.137758;594.465275
344;-0.000458;0.394321;303.143561;-0.000227;0.090043;546.799246
345;-0.000529;0.462917;287.772733;0.000631;-0.649932;692.991937
346;-0.000436;0.382344;303.473753;0.000474;-0.501146;661.365622
347;-0.000440;0.384839;302.986614;0.000197;-0.255946;613.374735
348;-0.000156;0.168211;336.186882;-0.000399;0.163101;545.666473
349;-0.000558;0.485973;284.274753;-0.000221;0.104842;541.343105
350;-0.000443;0.393714;300.551493;0.000433;-0.408195;636.761208
351;-0.000490;0.434593;294.049699;0.000813;-0.644622;672.066442
352;-0.000499;0.448575;289.534920;0.000779;-0.558708;649.203853
353;-0.000505;0.459527;286.995210;-0.000236;0.264680;496.066059
354;-0.000389;0.395741;290.786501;0.000134;-0.072134;564.604783
355;-0.000343;0.357369;296.662327;0.000808;-0.604495;657.860981
356;0.000344;-0.240835;408.434636;0.000193;-0.170784;587.766744
357;0.000407;-0.287604;416.140261;-0.000660;0.419164;492.505794
358;0.000405;-0.290827;416.797428;-0.000921;0.762217;415.863626
359;0.000425;-0.301085;418.689922;-0.000213;0.275173;495.758033
360;0.000382;-0.258610;409.309813;0.000195;-0.029055;548.204435
361;0.000425;-0.292146;415.548480;-0.000013;0.132005;520.371460
362;0.000436;-0.296502;414.772061;-0.000679;0.621282;440.156119
363;0.000502;-0.349985;424.505390;-0.000702;0.650905;434.677725
364;0.000472;-0.317576;418.088960;-0.001096;0.907644;394.129130
365;0.000476;-0.326927;421.224165;-0.001728;1.420689;304.003865
366;0.000710;-0.504177;449.427308;-0.001669;1.319791;326.119286
367;0.000697;-0.489657;446.659220;-0.001433;1.161135;351.776745
368;0.000752;-0.541319;458.187590;-0.002444;1.991418;203.107767
369;0.000495;-0.352583;421.500116;-0.003074;2.494726;114.880878
370;0.000553;-0.408930;434.130349;-0.001860;1.667578;248.062082
371;0.000424;-0.317686;422.486439;-0.002907;2.470491;114.598509
372;0.000398;-0.290723;416.954476;-0.002438;2.130546;169.127997
373;0.000443;-0.328658;423.627526;-0.003687;2.836695;159.494747
377;0.000432;-0.314634;419.596021;-0.000682;0.468295;489.551106
378;0.000453;-0.333534;424.052280;-0.000862;0.651004;452.997186
379;0.000404;-0.297672;418.399978;0.000112;-0.144504;616.099807
380;0.000443;-0.321722;419.991861;0.000734;-0.730982;752.294500
381;0.000457;-0.332043;422.609622;0.001252;-1.229266;871.165613
382;0.000426;-0.310603;420.475780;0.001846;-1.759344;990.801258
383;0.000416;-0.299137;417.154945;-0.002232;1.303934;384.048775
384;0.000425;-0.308911;418.851301;0.001015;-1.206295;758.742049
385;0.000419;-0.291336;414.383502;-0.000975;0.838968;244.559780
387;0.000417;-0.289053;412.752092;0.006556;-7.542828;2569.550654
388;0.000434;-0.304285;416.031134;0.008263;-9.552985;3164.052954
389;0.000480;-0.317389;409.865994;0.001099;-1.184603;721.519847
390;0.000185;-0.068784;365.921940;-0.001760;1.022457;394.348813
391;-0.000183;0.153105;349.835485;-0.002357;1.749253;199.558548
392;-0.000276;0.174946;371.613339;-0.002007;1.668477;151.028790
393;-0.000494;0.388915;321.187434;-0.001749;1.582075;113.468963
394;-0.000193;0.184616;344.719138;-0.001270;0.970988;279.052758
395;0.000176;-0.046329;358.507703;-0.001244;1.054934;225.176516
396;-0.000152;0.104960;371.684174;-0.001571;1.325813;166.883175
397;-0.000698;0.626787;251.378827;-0.000285;0.236437;368.109157
398;0.000086;-0.021381;369.810890;-0.000205;0.210393;352.043849
399;0.000328;-0.239215;409.509054;0.002269;-2.490901;1092.258969
400;0.000440;-0.316309;415.433727;0.076932;-87.642382;25350.298710
401;0.000190;-0.109681;377.391740;-0.006099;3.828922;220.226083
402;0.000053;-0.089109;405.644986;0.000887;-1.030989;699.486338
404;-0.000458;0.394029;310.524151;-0.005045;3.138245;309.128216
405;0.000409;-0.245847;396.716524;-0.003672;2.265862;398.704696
406;0.000335;-0.235326;410.791246;-0.001709;0.823669;618.383050
407;0.000349;-0.215016;392.937180;-0.001266;0.590025;609.870001
408;0.000416;-0.260466;399.447023;-0.001321;0.541559;636.396848
409;-0.000232;0.186242;354.105187;-0.001190;0.444770;648.774801
410;0.000037;-0.008285;378.379456;-0.000884;0.138699;711.911198
411;0.000207;-0.135509;393.865548;-0.000702;-0.019517;746.923907
412;-0.001200;1.084373;157.370853;0.004576;-4.358431;1545.433760
413;-0.001016;0.993631;150.147579;0.003772;-3.624291;1365.668570
414;-0.000817;0.691490;253.960002;0.000563;-0.398708;578.634383
415;-0.000798;0.683509;251.974146;0.000913;-0.739858;639.103500
416;-0.000782;0.673801;252.071019;0.000697;-0.576997;617.183278
417;-0.000617;0.525100;283.238088;0.000998;-0.781633;651.976571
418;-0.000225;0.153384;368.468967;0.000720;-0.579455;623.269334
419;-0.000280;0.209829;353.682703;0.000641;-0.564357;629.471398
420;-0.000314;0.244444;345.228334;0.000602;-0.552235;631.089289
421;-0.000209;0.142026;369.583275;0.000756;-0.652327;649.235911
422;-0.000407;0.292813;347.403614;0.000789;-0.658481;650.515340
423;-0.000170;0.104723;378.275880;0.000119;-0.164494;569.048541
424;-0.000530;0.409905;320.514883;0.000159;-0.147470;563.741668
425;-0.000127;0.069399;384.734423;-0.000014;0.004226;538.769205
426;-0.000493;0.375325;328.326106;0.000152;-0.109868;561.126386
427;-0.000465;0.354497;331.264478;0.000249;-0.217393;588.016620
428;-0.000502;0.383398;326.570823;0.000317;-0.305453;611.619647
429;-0.000421;0.312204;341.090517;0.000253;-0.280448;615.255258
430;-0.000416;0.301884;345.379664;-0.000188;0.120286;542.624818
431;-0.000419;0.309880;341.633902;-0.000210;0.124945;548.062682
432;-0.000440;0.324891;340.098642;-0.000352;0.209352;541.835482
433;-0.000413;0.299118;345.982604;-0.000467;0.295709;532.821562
434;-0.000417;0.302316;345.312769;-0.000597;0.388659;523.019910
435;-0.000469;0.352208;333.801324;-0.000673;0.434127;523.499808
436;-0.000490;0.372012;329.046339;-0.000796;0.517336;517.088679
437;-0.000426;0.311892;343.149109;-0.000949;0.621025;508.240661
438;-0.000415;0.301491;345.348931;-0.001121;0.740183;497.431564
439;-0.000393;0.285879;347.112699;-0.001299;0.865307;486.154328
440;-0.000408;0.293696;347.189854;-0.001458;0.969543;479.674929
441;-0.000136;0.077065;382.913695;-0.001596;1.027694;486.678393
442;-0.000064;0.014043;395.603279;-0.001811;1.172784;475.776871
443;-0.000009;-0.039319;408.190776;-0.002076;1.346490;463.221627
444;-0.000437;0.320001;341.236465;-0.001960;1.128095;531.494053
445;-0.000449;0.331794;338.335473;-0.002144;1.241619;531.087271
446;-0.000398;0.283707;349.469321;-0.003067;1.820641;462.888166
447;-0.000459;0.340953;336.363228;-0.003634;2.201003;424.947954
448;-0.000403;0.288323;348.437198;0.003126;-2.446691;887.099133
449;-0.000069;0.016575;395.394375;0.000036;0.866817;12.544825
450;0.000018;-0.061789;411.719572;0.000559;0.119328;264.971025
451;0.000138;-0.171028;435.485392;0.004171;-3.439973;1145.133537
452;0.000181;-0.206228;441.542329;0.001649;-0.950771;539.270265
453;0.000241;-0.259710;452.327717;0.002605;-2.030801;839.228697
454;0.000249;-0.267259;454.190446;0.002409;-1.809314;777.631457
455;0.000226;-0.239515;445.581024;0.002394;-1.844764;792.596422
456;0.000145;-0.154304;423.188560;0.002000;-1.541024;745.269471
457;0.000143;-0.146510;419.308065;0.002139;-1.668840;774.910464
458;0.000101;-0.120275;414.918530;0.002174;-1.736624;796.464196
459;0.000057;-0.077259;403.423364;0.002289;-1.855034;823.146423
460;0.000035;-0.056263;397.293089;0.002356;-1.934183;843.220637
461;0.000129;-0.146526;416.782174;0.002354;-1.971897;859.464545
462;0.000190;-0.213663;433.333039;0.002222;-1.907940;858.362534
463;0.000131;-0.150140;414.727485;0.002281;-1.979755;879.665577
464;0.000552;-0.578334;520.915523;0.002364;-2.056464;899.473565
465;0.000533;-0.570873;520.782540;0.002129;-1.915489;885.171979
466;0.000166;-0.204896;428.623714;0.001778;-1.691635;855.720137
467;-0.000003;-0.051025;392.926141;0.001260;-1.341229;807.220857
468;0.000020;-0.078987;400.067960;0.001278;-1.368115;821.453578
469;0.000071;-0.127926;408.873514;0.001534;-1.593079;870.870426
470;0.000083;-0.134234;408.506877;0.001761;-1.781031;911.448169
471;0.000103;-0.142687;407.027619;0.001458;-1.578581;890.768500
472;0.000101;-0.140836;406.459938;0.001917;-1.930949;948.165709
495;0.000051;-0.107544;409.258982;0.001900;-1.976071;963.797828
496;0.000046;-0.097210;406.723815;0.002042;-2.095018;986.755442
497;0.000087;-0.134223;416.170348;0.001940;-2.035948;980.756969
498;-0.000067;0.022561;378.807004;0.002037;-2.126722;1003.142034
499;0.000125;-0.163408;423.810087;0.001622;-1.475273;775.684381
500;-0.000001;-0.034198;392.023015;0.002034;-1.808431;837.669839
501;-0.000021;-0.011437;386.936774;0.003058;-2.812331;1080.690945
502;0.000031;-0.056859;396.946369;0.002129;-2.398857;1129.022786
503;-0.000009;-0.020210;389.485555;0.001040;-1.559801;1011.053529
504;0.000036;-0.060452;398.567624;0.002631;-3.080030;1339.591570
505;0.000068;-0.091976;406.214618;0.002502;-2.244879;937.299203
506;0.000317;-0.340114;466.972981;-0.001227;0.921976;418.755486
507;0.000034;-0.059980;398.557400;0.003990;-3.717131;1294.591156
508;0.000187;-0.208223;434.021466;0.004404;-3.986596;1320.809950
509;0.000097;-0.115347;410.356098;0.004519;-4.039061;1320.284142
510;0.000084;-0.098315;405.447299;0.004770;-4.217565;1350.579816
511;0.000040;-0.056996;396.863380;0.004864;-4.290762;1364.995922
512;0.000185;-0.200034;431.374333;0.004904;-4.345500;1380.732271
513;0.000158;-0.171392;424.314268;0.004197;-3.691664;1238.069544
514;0.000005;-0.023230;389.111268;0.004250;-3.696820;1229.831854
515;0.000312;-0.326624;462.591632;0.004491;-3.931941;1285.745360
516;0.000049;-0.070601;401.332641;0.004160;-3.654304;1231.443677
517;0.000036;-0.062615;400.156329;0.004304;-3.785509;1259.968521
518;0.000350;-0.370409;473.127560;0.003923;-3.442642;1186.650633
519;0.000523;-0.535409;510.805526;0.004053;-3.500570;1187.733184
520;0.000228;-0.239245;436.958960;0.004643;-3.942161;1262.711301
521;0.000584;-0.588404;520.129735;0.005874;-5.065786;1507.727971
522;0.000284;-0.301860;451.089632;0.005794;-4.983102;1493.029495
523;0.000232;-0.264084;443.837292;0.004943;-4.387965;1400.039183
524;0.000501;-0.549440;516.763597;0.004681;-4.234266;1384.924448
525;0.000105;-0.156035;418.484730;0.004483;-4.134235;1377.196705
526;0.000183;-0.246776;442.473295;0.004297;-4.006079;1361.086981
527;-0.000016;-0.047325;391.679426;0.004126;-3.814373;1313.637603
528;0.000080;-0.135056;409.927700;0.004203;-3.863427;1321.757759
529;0.000119;-0.164064;413.799387;0.004267;-3.905193;1328.645822
530;0.000116;-0.161326;413.082732;0.004189;-3.829174;1311.156968
531;0.000116;-0.160918;412.797870;0.004008;-3.656570;1271.972168
562;0.000100;-0.150864;412.326431;0.004676;-4.315603;1427.292454
564;0.000100;-0.150864;412.326431;0.004710;-4.342452;1431.720900
567;0.000100;-0.150864;412.326431;0.004676;-4.315603;1427.292454
568;0.000100;-0.150864;412.326431;0.004801;-4.408684;1441.065576
573;0.000100;-0.150864;412.326431;0.004801;-4.408684;1441.065576
576;0.000100;-0.150864;412.326431;0.004709;-4.341098;1431.499807
578;0.000100;-0.150864;412.326431;0.004801;-4.408684;1441.065576
580;0.000100;-0.150864;412.326431;0.004778;-4.400684;1443.463842
582;0.000100;-0.150864;412.326431;0.004676;-4.315603;1427.292454
584;0.000100;-0.150864;412.326431;0.004710;-4.342452;1431.720900
587;0.000100;-0.150864;412.326431;0.004676;-4.315603;1427.292454
588;0.000107;-0.161359;415.864384;0.004801;-4.408315;1440.958040
591;0.000072;-0.126755;407.914464;0.004614;-4.272051;1421.129144
596;0.000101;-0.153928;418.704061;0.005007;-4.607489;1479.596041
597;0.000044;-0.095670;405.484885;0.005203;-4.757577;1506.781225
598;0.000071;-0.122546;413.154818;0.005349;-4.894112;1539.467385
599;-0.000047;0.001029;382.497515;0.005921;-5.384562;1635.676341
600;0.000006;-0.052284;396.880484;0.006009;-5.472103;1657.774851
601;-0.000031;-0.011172;386.797534;0.006123;-5.563380;1676.118780
602;0.000017;-0.045595;392.855117;0.005449;-5.001565;1575.126236
603;-0.000017;-0.013769;386.276716;0.005975;-5.419584;1646.872642
604;0.000005;-0.038784;393.932383;0.006045;-5.472350;1658.461136
605;0.000161;-0.190834;430.700573;0.006040;-5.514625;1685.647171
606;0.000178;-0.203076;432.809678;0.002056;-1.781672;835.094467
607;0.000105;-0.134999;417.790065;0.002545;-2.237738;939.957495
608;-0.000000;-0.027473;390.874623;0.002593;-2.265901;942.175759
609;0.000102;-0.125733;414.159608;0.002426;-2.127476;920.086307
610;0.000266;-0.280412;450.199585;0.002107;-1.863150;880.833791
611;0.000043;-0.062520;398.371397;0.000788;-0.498528;585.634531
612;0.000161;-0.174329;424.781695;0.001564;-1.421229;799.049752
613;0.000034;-0.053472;397.469734;0.001268;-1.166496;750.112616
614;0.000089;-0.100466;408.143492;0.001124;-1.043162;729.033634
615;0.000102;-0.121451;414.323147;0.001008;-0.985658;730.390588
616;-0.000007;-0.021115;392.322489;0.001049;-1.063121;758.354914
617;0.000063;-0.069638;401.132471;0.000932;-1.021811;768.436963
618;0.000318;-0.320793;462.124778;0.000729;-0.916784;771.861854
619;0.000035;-0.041219;394.220571;0.001038;-1.250285;859.537278
620;0.000062;-0.068225;400.711342;0.001452;-1.670138;966.601496
621;0.000034;-0.040193;393.845782;0.009068;-8.622530;2492.062403
624;0.000118;-0.144684;421.718269;0.008442;-8.008742;2339.417060
625;0.000144;-0.170064;426.938445;0.002784;-2.394760;963.556962
626;0.000270;-0.254868;433.376617;0.003809;-3.200060;1103.493206
627;0.000480;-0.445187;466.526959;0.001398;-0.977348;632.967643
628;0.001072;-0.968382;577.061202;0.000948;-0.584258;552.676684
629;0.000249;-0.197218;415.809442;0.000865;-0.479356;522.776064
630;0.000290;-0.201686;406.425311;0.000361;0.020310;404.304585
631;0.000100;-0.195599;446.812385;0.000623;-0.248617;464.948456
632;-0.000103;0.030100;396.424815;0.000829;-0.539395;542.922608
633;0.000047;-0.088430;414.951882;0.001385;-1.413750;771.870816
634;-0.000287;0.179613;370.422998;0.000692;-0.730716;605.043170
635;-0.000296;0.187114;369.149010;0.000666;-0.719606;601.711024
636;-0.000404;0.200849;375.580773;0.000647;-0.704102;596.894140
637;-0.000397;0.196693;374.926498;0.000623;-0.683603;590.929283
638;-0.000224;0.127428;379.716299;0.000510;-0.599822;576.943470
639;-0.000321;0.139894;383.953798;0.000584;-0.659726;588.298570
644;-0.000141;0.104082;378.291549;-0.000014;-0.198380;511.862755
645;-0.000161;0.113555;377.124044;-0.000219;-0.004419;468.563750
646;-0.000120;0.074046;383.969500;0.000045;-0.258907;529.029086
647;-0.000282;0.195143;364.091530;-0.000568;0.296250;410.806617
648;-0.000153;0.083826;384.960104;-0.000937;0.768988;299.618942
649;-0.000126;0.052465;390.663312;-0.000533;0.368956;392.508171
650;-0.000333;0.215882;360.386286;-0.000455;0.298410;407.260062
651;-0.000226;0.119400;381.635989;-0.000120;0.014823;464.330229
652;-0.000293;0.151085;378.738977;-0.000110;0.022770;461.398964
653;-0.000301;0.157300;375.525563;-0.000067;-0.032505;473.719601
654;-0.000431;0.252935;359.804904;0.000033;-0.107327;486.613266
655;-0.000398;0.225066;365.143761;-0.000368;0.201031;438.179846
656;-0.000217;0.182639;352.307358;0.000045;-0.080592;474.284608
657;-0.000283;0.198774;366.190340;0.001367;-2.150959;1203.453506
658;0.000605;-0.503432;478.208339;-0.000363;0.433517;311.278115
659;0.000117;-0.000622;350.945850;0.006792;-7.994871;2750.972444
660;0.000373;-0.228657;394.079599;0.004656;-5.430025;1986.270809
661;0.000385;-0.244180;396.953349;-0.000181;-0.038848;483.588321
662;-0.000160;0.078441;383.909684;-0.004655;3.218240;58.255616
663;0.000650;-0.486099;450.790905;-0.003910;2.739534;93.675361
664;-0.000265;0.204136;349.978418;-0.003156;2.258922;131.095990
665;0.000376;-0.268413;405.101432;-0.002628;2.097403;100.477657
666;-0.000162;0.056088;392.461852;-0.002108;1.703573;142.320936
668;-0.000065;-0.000793;390.113043;-0.000559;0.631403;269.104848
669;0.000294;-0.228872;405.093342;0.000616;-1.048489;829.898147
671;-0.000259;0.250719;328.993390;0.002326;-2.331897;989.277508
672;0.000255;-0.156740;392.059041;0.002505;-2.410787;971.011601
673;-0.000581;0.479074;299.231067;-0.001707;1.365313;283.365922
674;0.000139;-0.116220;400.175309;-0.000771;0.728087;369.353728
675;0.000325;-0.206046;398.751768;-0.000162;0.315625;425.367926
676;0.000282;-0.163674;385.742919;0.000262;0.030470;461.903536
677;0.000202;-0.072271;363.412389;0.000690;-0.272006;504.934435
678;-0.000002;0.031667;365.297450;0.001186;-0.652210;569.389741
679;-0.000059;0.027930;386.801259;0.001165;-0.617195;553.672877
680;0.000769;-0.630451;495.614524;0.001487;-0.893454;604.236320
681;0.000262;-0.209671;417.690673;-0.002169;1.470723;431.288578
682;0.000375;-0.296428;429.937300;-0.002333;1.586534;417.821731
683;0.000383;-0.304848;432.076297;-0.001945;1.275044;468.440196
684;0.000257;-0.152775;393.068455;-0.002277;1.538774;425.411545
685;-0.000916;0.799794;226.193527;0.000944;-0.365015;483.915425
686;-0.000984;0.863248;211.809151;-0.002554;1.755656;391.190189
687;-0.000952;0.846183;211.290167;-0.002103;1.395022;449.264102
688;-0.000966;0.853280;211.244785;0.000306;0.185786;374.778703
689;-0.000946;0.842555;211.187775;-0.002408;1.650905;401.476985
690;-0.000883;0.767586;232.712155;-0.002806;1.943339;363.216084
691;-0.000986;0.872967;205.928153;-0.002872;2.015032;344.192550
692;-0.000808;0.721442;235.206222;-0.002669;1.843174;375.664659
693;-0.000814;0.705947;245.253276;-0.002618;1.778029;397.039851
694;-0.000745;0.648951;255.317926;-0.002574;1.766939;391.482274
695;-0.000649;0.557100;276.241306;-0.003935;2.835981;226.302185
696;-0.000724;0.638992;254.578885;0.002543;-1.943650;821.018873
697;-0.000647;0.557916;275.819574;0.002735;-2.146119;862.361103
698;-0.000893;0.764159;236.850247;0.002416;-1.916398;823.639277
699;-0.000914;0.774307;236.210391;0.002097;-1.664857;772.883746
700;-0.000761;0.647793;258.720675;0.001831;-1.418184;720.299053
701;-0.000640;0.543868;278.635461;0.001932;-1.498756;737.513474
702;-0.000785;0.657477;260.001811;0.001477;-1.127412;667.575659
703;-0.000767;0.646075;261.960349;0.001198;-0.919718;636.680622
704;-0.000867;0.724618;248.567849;0.000529;-0.411433;544.532081
705;-0.000566;0.471276;295.396195;-0.000109;0.110718;438.167439
706;-0.000761;0.641639;261.522207;0.000220;-0.161785;492.879097
707;-0.000395;0.323080;324.234743;0.000357;-0.244955;510.035476
708;-0.000794;0.654211;262.167245;0.000507;-0.349583;527.799313
709;-0.000997;0.796355;239.824850;0.000351;-0.228277;506.074142
710;-0.000473;0.389716;308.120804;0.000619;-0.446330;547.993069
734;-0.000791;0.675590;252.974626;0.000102;-0.072768;481.583520
735;-0.000683;0.592315;265.602035;0.000376;-0.308286;529.499616
736;-0.000726;0.621918;262.660387;0.000936;-0.815952;636.114489
737;-0.000839;0.723278;241.575794;0.001193;-1.048529;684.734831
738;-0.000846;0.741477;234.593432;0.001258;-1.108987;699.225834
739;-0.000905;0.773453;235.095488;0.001888;-1.650206;807.684353
740;-0.000973;0.835091;221.364760;0.002115;-1.858277;854.380535
741;-0.000974;0.838867;219.812284;0.001899;-1.638520;804.904201
742;-0.000915;0.788052;230.974726;0.001918;-1.657501;810.127378
743;-0.000838;0.732287;236.922492;0.002339;-2.048340;895.023487
744;-0.000949;0.816076;224.979208;0.002383;-2.090495;904.063333
745;-0.000930;0.795380;230.230100;0.002208;-1.948654;881.476406
746;-0.000765;0.668858;249.893460;0.001732;-1.557780;813.045125
747;-0.000962;0.825784;223.221727;0.002539;-2.200788;926.480283
748;-0.000896;0.759978;239.079610;0.002428;-2.082645;907.812828
749;-0.000934;0.795480;230.938792;0.002717;-2.287817;943.319447
750;-0.000748;0.644816;257.464144;0.002468;-2.010312;871.287949
751;-0.000841;0.726099;241.093240;0.003338;-2.869622;1077.773980
752;-0.000921;0.785324;233.046352;0.003430;-3.004252;1119.364151
753;-0.000712;0.610327;265.969112;0.003397;-3.016654;1133.208637
754;-0.000933;0.801462;228.513234;0.002977;-2.649933;1058.757541
755;-0.000936;0.806485;227.178346;0.002815;-2.572020;1063.149860
756;-0.000914;0.809552;219.465700;0.003166;-2.910906;1143.531171
757;-0.000775;0.695891;239.347119;0.002594;-2.573426;1129.339888
758;-0.000713;0.621154;260.398142;0.002575;-2.585761;1153.195634
759;-0.000894;0.775056;231.163748;0.003327;-3.221708;1275.618079
760;-0.000849;0.732210;241.106582;0.001808;-1.891802;998.606577
761;-0.000695;0.595998;268.176166;0.001957;-1.497004;758.130186
762;-0.000728;0.631440;258.688453;0.000854;-0.487085;539.423356
763;-0.000422;0.364642;311.688510;0.002238;-1.811808;841.440510
764;-0.000660;0.569329;272.228046;0.001489;-1.136152;694.032918
765;-0.000915;0.777512;234.922435;0.001885;-1.522305;782.174873
766;-0.000831;0.700180;253.031054;0.002064;-1.645213;802.233733
767;-0.000749;0.645411;259.135284;0.000485;-0.304740;538.566112
768;-0.000832;0.711141;249.251999;0.000497;-0.332936;548.362265
769;-0.000805;0.699940;248.788419;0.001611;-1.223620;715.215522
770;-0.000778;0.677207;254.098542;0.000724;-0.418468;555.158503
771;-0.000731;0.666714;248.056739;0.001318;-1.020746;677.677480
772;-0.000698;0.650512;247.393842;0.001484;-1.179773;708.469658
773;0.000776;-0.652673;501.645851;0.001149;-0.914740;665.038726
774;0.000749;-0.636662;501.885037;0.000884;-0.740249;640.494398
775;0.000715;-0.605641;494.898189;0.000550;-0.480993;597.484497
776;0.000683;-0.580289;491.175538;0.000284;-0.277580;563.047459
777;0.000629;-0.533262;481.286430;0.000167;-0.231393;563.947488
778;0.000578;-0.490920;473.246370;0.000023;-0.125818;546.700528
779;-0.000437;0.314457;339.769808;-0.000090;-0.057481;539.037089
780;0.000619;-0.537567;486.644208;-0.000128;-0.034805;536.626835
781;0.000615;-0.533664;485.565237;-0.000348;0.116008;514.749602
782;0.000674;-0.593449;500.730494;-0.000557;0.253165;495.553319
783;0.001061;-0.888153;544.809252;-0.000747;0.382761;477.601724
784;0.000412;-0.389845;467.217057;-0.001246;0.656967;455.232805
785;-0.000130;0.125555;348.095315;-0.001888;1.069695;416.897370
786;0.000231;-0.115490;373.927077;-0.002446;1.435054;403.444040
787;0.000276;-0.183442;391.980289;-0.002875;1.683499;416.899917
788;-0.000332;0.200367;369.100055;-0.002899;1.521531;527.122179
789;0.000393;-0.259121;400.661228;-0.000645;0.394149;386.165777
790;-0.000216;0.167546;362.332404;-0.001408;0.989816;296.874700
791;0.000395;-0.279749;406.789406;-0.000595;0.208934;489.362915
792;-0.000044;0.002140;384.539179;-0.001006;0.400134;501.908849
793;-0.000255;0.134572;377.970005;-0.002354;1.492152;341.068183
795;0.000412;-0.279498;420.892974;-0.002400;2.022662;50.623618
796;-0.000128;0.080619;386.597403;0.002009;-2.069402;973.131627
797;0.000082;-0.014194;376.793204;0.002708;-2.645621;1114.965477
798;0.000105;-0.064010;392.597871;0.000445;-0.804996;781.353866
799;0.000446;-0.265671;401.437104;0.000189;-0.783789;852.975205
801;0.000143;-0.022509;360.046462;-0.001123;-0.007242;827.550961
802;-0.000278;0.250248;332.138806;-0.001974;0.977080;561.047238
803;0.000434;-0.347002;443.741915;-0.002777;1.551005;494.428705
804;0.000247;-0.204033;425.174532;-0.003312;1.845157;484.080955
805;-0.000220;0.200896;346.908626;-0.004495;2.802925;344.192695
806;0.000399;-0.258060;404.976517;-0.004559;2.763100;386.904440
807;0.000302;-0.228638;416.459193;-0.004260;2.594101;391.235327
808;0.000064;-0.072131;402.283357;-0.004505;2.748488;394.262124
809;-0.000072;0.006187;400.550887;-0.003626;2.336922;362.219910
810;-0.000293;0.185395;371.015842;-0.003664;2.311414;395.650252
811;-0.000225;0.127174;381.773053;-0.003717;2.297243;421.998649
812;-0.000260;0.160732;375.126996;-0.004008;2.480385;407.643247
813;-0.000284;0.184244;370.479108;-0.004309;2.658251;394.780487
814;-0.000211;0.122673;380.413586;-0.004604;2.788010;393.278758
815;0.000013;0.086954;332.644050;0.000632;-0.551656;617.953026
816;0.000236;-0.096312;366.690639;0.000058;-0.095120;544.438061
817;0.000308;-0.179880;385.712537;-0.000036;-0.017442;533.157474
818;0.000278;-0.155682;381.761038;-0.000371;0.275312;475.932304
819;0.000294;-0.170909;384.835057;-0.000216;0.123677;514.115450
820;0.000243;-0.128319;377.154943;-0.000436;0.321690;474.012976
821;0.000276;-0.160690;383.948328;-0.000226;0.128725;521.630293
822;0.000275;-0.163544;385.352563;-0.000745;0.576474;433.440586
823;0.000282;-0.169869;386.639647;-0.000843;0.661364;421.348214
824;0.000275;-0.163905;385.563863;-0.000850;0.663710;422.326562
825;0.000236;-0.131810;379.983748;-0.000983;0.764847;408.813973
826;0.000238;-0.135245;380.777148;-0.001248;0.955816;380.226671
827;0.000228;-0.126407;378.992239;0.008292;-9.963910;3491.574965
828;0.000251;-0.144905;382.112892;-0.001071;0.814415;414.067983
829;0.000216;-0.112093;374.973019;-0.001057;0.789520;424.216391
830;0.000223;-0.121404;377.069146;-0.000551;0.422669;491.526995
831;0.000224;-0.122935;377.474148;-0.000583;0.439997;493.505706
832;0.000205;-0.106320;374.236960;-0.000593;0.424683;504.846567
833;0.000198;-0.105613;374.913512;-0.001729;1.606658;208.273223
837;0.000270;-0.168296;386.239895;0.001270;-1.005934;665.110197
838;0.000264;-0.161898;384.949151;0.001197;-0.937195;646.259327
839;0.000294;-0.191681;391.015854;0.001228;-0.997191;666.700349
840;0.000264;-0.162551;385.039659;0.000654;-0.536009;577.672196
841;0.000282;-0.175346;386.779733;0.001021;-0.866700;654.618386
842;0.000230;-0.132865;379.413086;0.002093;-1.911935;896.637121
843;0.000421;-0.261128;398.953744;0.002318;-2.168348;972.532181
844;0.000370;-0.221228;392.561934;0.004685;-3.842898;1175.280050
849;0.000431;-0.267834;399.979432;0.001217;-1.443851;916.888887
850;0.000403;-0.247155;396.752460;0.010013;-9.472251;2671.817124
851;0.000414;-0.252579;397.019109;0.001000;-1.376590;932.106252
852;0.000388;-0.267802;403.979945;0.001202;-1.602091;987.680353
853;0.000470;-0.305852;407.671374;0.003740;-3.463424;1258.088637
854;0.000375;-0.259623;402.858318;0.006781;-6.680059;2105.742997
855;0.000371;-0.256435;402.241839;0.005803;-5.694393;1865.751957
856;0.000384;-0.276040;406.922683;0.006267;-5.996740;1883.647886
857;0.000388;-0.278202;407.072962;0.005043;-4.717283;1556.366532
858;0.000402;-0.292713;410.855326;0.002828;-2.537624;1030.043276
859;0.000302;-0.211322;398.374396;0.003088;-2.771527;1082.779996
860;0.000310;-0.212451;396.981213;0.000971;-0.719375;607.981363
861;0.000348;-0.247272;403.878892;0.001016;-0.768424;622.179588
862;0.000352;-0.250037;404.209342;0.001399;-1.083998;693.331623
863;0.000350;-0.244140;402.485334;0.001612;-1.174369;701.968702
864;0.000334;-0.223424;397.021088;0.001243;-0.821936;624.939788
865;0.000376;-0.250685;400.380739;0.001294;-0.870825;637.450644
866;0.000354;-0.232341;397.355132;0.001309;-0.860020;630.624627
900;0.000394;-0.250797;399.022982;0.000993;-0.722927;621.187144
902;0.000396;-0.252067;399.290330;0.000995;-0.721375;619.768362
903;0.000374;-0.232395;395.438650;0.000993;-0.725016;622.241947
909;0.000394;-0.250398;398.913470;0.001015;-0.734278;620.827092
913;0.000373;-0.231843;395.357493;0.000993;-0.725016;622.241947
919;0.000384;-0.241107;397.090777;0.001015;-0.734278;620.827092
921;0.000371;-0.229150;394.742486;0.001000;-0.721925;618.775448
925;0.000383;-0.240930;397.084044;0.000993;-0.722927;621.187144
930;0.000371;-0.231316;395.331209;0.000993;-0.722927;621.187144
933;0.000373;-0.232830;395.652796;0.000993;-0.725016;622.241947
934;0.000371;-0.230948;395.240546;0.001015;-0.734278;620.827092
936;0.000383;-0.242922;397.730809;0.001000;-0.721925;618.775448
937;0.000385;-0.244559;398.067877;0.000995;-0.721375;619.768362
938;0.000382;-0.241948;397.530033;0.000993;-0.725016;622.241947
943;0.000393;-0.253236;399.873642;0.001067;-0.781240;630.135559
944;0.000394;-0.254119;400.129312;0.001170;-0.866582;647.057824
945;0.000357;-0.225194;395.244704;0.001056;-0.772068;630.093822
946;0.000365;-0.233761;397.085693;0.001271;-0.937650;660.299775
947;0.000379;-0.244843;399.245213;0.001438;-1.079426;688.082449
948;0.000394;-0.260238;402.390064;0.001371;-1.020719;675.976803
949;0.000423;-0.283073;406.104498;0.001394;-1.045259;683.224658
950;0.000410;-0.270480;403.110751;0.001419;-1.111746;704.048035
951;0.000411;-0.271531;403.315047;0.001302;-1.037868;697.763532
952;0.000420;-0.279842;404.880304;0.000929;-0.748176;649.750079
953;0.000424;-0.283574;405.710304;0.000644;-0.581434;634.034286
954;0.000429;-0.287794;406.450292;0.000280;-0.309566;599.194853
955;0.000425;-0.283611;405.543865;0.001043;-0.996161;735.012768
956;0.000435;-0.292843;407.348220;0.001368;-1.314306;811.770136
957;0.000466;-0.330200;415.953458;0.001957;-1.815295;910.838540
958;0.000463;-0.326123;415.012880;0.002364;-2.221312;1010.843017
959;0.000424;-0.289623;407.580850;0.002739;-2.663617;1135.868493
960;0.000374;-0.233659;395.279327;0.003742;-3.592798;1346.218612
961;0.000378;-0.241415;397.205419;0.002421;-2.266117;1018.780954
962;0.000381;-0.244884;397.996524;0.001338;-1.313504;817.549756
963;0.000428;-0.293003;407.519712;0.002158;-1.924133;935.068282
964;0.000302;-0.187924;388.973012;0.001839;-1.676883;898.405624
965;0.000143;-0.051114;364.159408;0.001808;-1.677592;911.499310
966;0.000237;-0.119934;376.069183;0.001751;-1.660067;921.868403
967;0.000140;-0.045662;363.111457;0.002827;-2.628055;1119.336499
968;0.000196;-0.115333;385.029416;0.003177;-2.916701;1177.597238
969;-0.000035;0.116932;330.383997;0.003388;-3.109570;1224.469156
970;-0.000036;0.109552;334.506449;0.002864;-2.704697;1162.776509
971;-0.000055;0.113724;337.043551;0.002720;-2.633971;1162.224209
972;-0.000110;0.157718;330.372592;0.002473;-2.481441;1150.888855
973;-0.000132;0.169591;329.928798;0.002264;-2.356122;1143.103073
974;-0.000248;0.277067;305.825145;0.002172;-2.360349;1167.779703
975;-0.000270;0.292746;303.700481;0.002267;-2.339368;1123.726939
977;-0.000265;0.282917;307.355070;0.001672;-2.002073;1109.149608
979;-0.000624;0.541823;273.021145;-0.002028;0.987560;514.784830
980;-0.000853;0.728346;240.051390;-0.002077;1.686760;116.173492
982;-0.000337;0.225646;362.185527;0.000219;-1.044558;942.088636
989;0.000121;-0.104788;401.679097;0.001353;-1.343081;747.190425
990;-0.000096;0.073011;365.212351;0.001863;-1.826427;887.034729
991;0.000036;-0.075356;417.195713;0.002460;-2.198321;955.413048
992;0.000248;-0.260553;449.810171;-0.000083;-0.187758;602.595505
993;0.001293;-1.076436;582.304748;-0.001825;1.207560;365.086028
997;0.000294;-0.196212;402.161829;0.003990;-3.500264;1164.544691
998;0.000248;-0.123353;378.754846;-0.000364;-0.761961;969.343551
999;-0.000643;0.550822;281.032386;0.004727;-4.137616;1302.180091
1000;0.000034;-0.026874;391.361343;0.004047;-3.455618;1140.108501
1001;-0.000100;0.035141;395.826485;0.003743;-3.166251;1081.289046
1002;0.000012;0.052310;353.019689;0.002306;-1.724806;732.699363
1003;0.000010;0.085800;336.025330;0.002119;-1.535150;693.467428
1004;-0.000295;0.319304;301.031859;0.001630;-1.122451;622.392877
1005;-0.000061;0.136907;329.544511;0.001312;-0.859852;573.033106
1006;0.000463;-0.316297;413.972423;0.000986;-0.589467;525.585665
1007;0.000396;-0.255006;399.224261;0.001203;-0.820011;582.914781
1008;0.000282;-0.170978;387.978190;0.001217;-0.921815;636.590291
1009;0.000100;-0.012745;357.675165;0.000739;-0.396200;492.317938
1010;0.000075;0.020498;350.248234;0.001759;-1.215185;656.808469
1011;0.000293;-0.186078;392.205213;0.001474;-0.952641;600.814021
1012;0.000108;-0.042358;369.902694;0.001934;-1.388963;700.509762
1013;0.000109;-0.041785;369.334747;0.001479;-0.977722;614.610004
1014;0.000191;-0.093705;375.620467;0.001013;-0.554154;526.042951
1015;0.000094;-0.028982;368.200430;0.001527;-1.009190;618.251645
1016;0.000205;-0.110762;379.426190;0.001277;-0.789147;573.319688
1017;0.000105;-0.039888;371.586352;0.000763;-0.330687;479.768697
1018;0.000028;0.013344;363.080875;0.001589;-1.070718;631.707262
1019;-0.000103;0.131252;340.409686;0.001330;-0.858363;593.976235
1020;0.000362;-0.255855;409.175362;0.000972;-0.542968;530.929192
1021;0.000181;-0.104538;382.518352;0.000511;-0.099992;431.338983
1022;0.000218;-0.133912;386.929054;0.000848;-0.415818;501.152688
1023;0.000162;-0.094780;381.761263;0.000386;-0.043270;437.156797
1024;0.000076;-0.034286;374.916196;0.001345;-0.843831;586.603654
1025;0.000387;-0.273468;411.561727;0.000543;-0.142755;446.916080
1026;-0.000111;0.158099;331.682615;0.000697;-0.273132;472.328490
1027;-0.000322;0.330341;302.713228;0.000699;-0.292213;482.638295
1028;-0.000254;0.279172;310.108029;0.000788;-0.367011;498.141443
1029;-0.000147;0.161638;337.305939;0.000690;-0.278779;479.782108
1030;-0.000069;0.110644;343.925158;0.000570;-0.187541;467.540684
1031;0.000242;-0.156912;391.599312;0.000190;0.105753;421.489536
1032;-0.000072;0.106350;346.102445;-0.000050;0.318713;377.948573
1033;0.000212;-0.137691;390.290469;0.000514;-0.133373;456.351788
1034;0.000154;-0.082715;377.735184;0.000662;-0.256094;478.342890
1035;0.000211;-0.121793;381.433362;0.001039;-0.571654;534.286764
1036;0.000437;-0.298064;408.554226;0.000824;-0.386970;501.696249
1037;0.000167;-0.074439;368.963911;0.000848;-0.397835;502.471471
1038;0.000116;-0.029222;360.640670;0.000496;-0.088811;445.089317
1039;0.000225;-0.114531;373.982220;0.000641;-0.219706;473.050585
1040;0.000146;-0.063967;369.451969;0.000804;-0.344660;491.022015
1041;0.000280;-0.160578;382.330308;0.000301;0.075189;418.647480
1042;0.000309;-0.184841;386.770598;-0.000039;0.319798;386.594692
1043;0.000200;-0.093416;370.300123;0.000107;0.196332;412.474169
1044;0.000205;-0.096184;370.635997;0.000363;-0.030240;458.025775
1045;0.000272;-0.162824;386.791404;0.000561;-0.200125;488.063944
1046;0.000161;-0.058754;363.863546;0.000453;-0.115491;473.913052
1074;0.000208;-0.100726;371.653393;0.000388;-0.024667;448.079873
1078;0.000239;-0.125684;376.041378;0.000404;-0.040779;451.825685
1093;0.000224;-0.112928;373.654792;0.000258;0.091180;426.550744
1094;0.000187;-0.080202;367.584600;0.000316;0.039706;437.175041
1096;0.000242;-0.128825;376.597873;0.000387;-0.029947;450.743969
1097;0.000222;-0.111192;373.334952;0.000298;0.058865;431.976633
1098;0.000251;-0.135692;377.783660;0.000402;-0.040269;451.484360
1099;0.000228;-0.116684;374.415261;0.000296;0.057352;433.566474
1100;0.000221;-0.109123;372.738840;0.000344;0.017902;440.212581
1102;0.000238;-0.124562;375.762387;0.000290;0.064437;431.095832
1106;0.000242;-0.130581;377.172699;0.000330;0.025932;439.230999
1107;0.000178;-0.073008;366.320578;0.000330;0.024012;439.208080
1109;0.000152;-0.063710;368.316537;0.000293;0.057097;435.724789
1110;0.000268;-0.150844;380.612447;0.000448;-0.082777;462.648578
1111;0.000257;-0.145283;380.016691;0.000233;0.138568;408.380074
1112;0.000307;-0.182499;386.266764;0.000002;0.250734;392.762205
1113;0.000158;-0.073577;370.398451;-0.000680;0.761688;315.194994
1114;0.000027;0.052976;344.423396;-0.000388;0.547748;346.334677
1115;0.000319;-0.194760;388.700991;-0.000585;0.660621;338.855995
1116;0.000262;-0.148816;380.606652;-0.000787;0.800536;326.720398
1117;0.000150;-0.066055;368.395727;-0.000957;0.932327;310.301139
1118;-0.000017;0.061308;349.527092;-0.000676;0.638532;381.438196
1119;0.000266;-0.151900;381.145581;-0.000738;0.674367;385.318878
1120;0.000220;-0.127034;380.365095;-0.000687;0.635803;401.537020
1121;0.000173;-0.079370;369.838859;-0.000708;0.579904;436.456031
1122;0.000246;-0.135135;378.178231;-0.000824;0.633034;445.754187
1123;0.000068;-0.016404;366.364979;-0.001114;0.798440;444.504498
1124;0.000261;-0.158894;385.327233;-0.000913;0.609083;507.410090
1128;0.000184;-0.095695;376.431583;0.000953;-0.670109;659.680106
1129;0.000306;-0.196568;393.272694;0.001008;-0.779674;702.338826
1130;0.000228;-0.135687;382.976602;0.003552;-2.939520;1116.912986
1131;0.000161;-0.073577;370.155319;-0.002131;1.631567;163.402198
1133;0.000197;-0.096272;372.090258;-0.002958;2.369754;6.476186
1134;0.000335;-0.207075;391.332498;-0.000592;0.252588;444.942590
1135;0.000166;-0.064460;366.004090;-0.003044;2.388492;46.756859
1136;0.000399;-0.265485;403.803072;-0.001737;1.233929;265.101117
1137;0.000235;-0.134007;381.108244;-0.001512;1.046443;300.511621
1138;0.000197;-0.095017;372.561631;-0.001755;1.235135;269.494014
1139;0.000253;-0.154382;385.035870;-0.001055;0.652937;372.580842
1140;0.000240;-0.141552;383.376874;-0.001811;1.297202;258.739929
1141;0.000376;-0.260049;406.051716;-0.001228;0.813465;347.705275
1142;0.000413;-0.276973;406.162641;-0.000304;-0.045289;536.157683
1143;0.000394;-0.271517;407.038088;-0.000566;0.216857;457.810424
1144;0.000389;-0.255949;401.292176;-0.000681;0.303467;446.480600
1145;0.000110;-0.046174;373.620008;-0.002975;2.322298;54.580413
1147;0.000231;-0.229151;435.042176;0.001161;-1.170142;725.201991
1148;0.000071;-0.028020;370.996208;0.001385;-1.572291;883.497910
1149;0.000383;-0.312459;439.030445;-0.000356;-0.407374;764.821496
1150;0.000177;-0.191756;437.652825;-0.001392;0.257763;707.067289
1151;0.000401;-0.261187;406.084748;-0.000025;-1.005143;996.633688
1152;0.000274;-0.299647;452.548249;0.001444;-2.193143;1230.790459
1153;-0.000135;0.134299;345.319640;-0.002814;1.646476;420.753973
1154;0.000153;-0.195633;436.469480;0.006212;-6.133519;1914.529957
1155;-0.000320;0.296155;317.687397;0.003320;-3.380721;1268.055487
1156;-0.000041;-0.013573;396.872409;0.002538;-2.776575;1168.745160
1157;0.000029;-0.032598;395.538223;0.001427;-1.784768;962.056183
1158;0.000922;-0.817439;544.269188;0.005484;-5.975875;2032.040280
1159;-0.000561;0.554810;260.723117;0.003528;-4.147018;1626.275476
1160;0.000149;-0.133969;417.952957;0.008799;-9.439254;2948.374653
1161;0.000878;-0.691339;501.504071;-0.001450;0.010030;871.390769
1162;-0.000509;0.446361;302.264571;-0.001208;-0.260175;961.202739
1163;-0.000366;0.308506;334.213044;-0.000087;-0.667170;875.186098
1164;0.000103;-0.111774;419.502571;-0.001388;0.130317;836.170655
1165;-0.000655;0.560654;281.078078;-0.001528;0.241387;831.732646
1166;0.000392;-0.250789;402.416126;-0.001586;0.253471;842.036869
1167;0.000126;-0.071292;384.671810;-0.002614;1.305908;592.312540
1168;-0.000020;0.001718;387.796111;-0.002999;1.591514;562.048478
1169;-0.000134;0.051400;393.546996;-0.003396;1.839957;539.103832
1170;0.001022;-0.840680;530.811543;-0.003592;2.018618;515.394539
1171;0.001125;-0.935947;552.458054;-0.004071;2.348623;473.960763
1176;0.000591;-0.437392;439.522954;-0.003564;2.168830;440.620462
1201;0.000411;-0.281594;408.006718;-0.000309;0.362207;440.303978
1202;0.000374;-0.240152;398.380617;-0.000558;0.566838;408.745767
1203;0.000436;-0.296341;409.033390;-0.000388;0.415806;442.328947
1204;0.000403;-0.263701;402.110256;-0.000607;0.575935;422.577063
1205;0.000403;-0.262639;401.705961;0.000276;-0.186262;569.491719
1206;0.000381;-0.248357;400.071529;0.000400;-0.326136;608.749139
1207;0.000422;-0.280330;405.288594;0.000539;-0.486593;655.179280
1208;0.000432;-0.290513;407.229412;0.000398;-0.450337;672.646411
1222;0.000459;-0.322583;414.149777;-0.001391;1.533615;133.554684
1223;0.000425;-0.286536;406.328070;-0.001650;1.836043;45.927808
1224;0.000403;-0.267209;402.586193;-0.000658;0.877825;270.767630
1225;0.000418;-0.281667;405.487631;-0.000633;0.832808;286.382869
1226;0.000406;-0.271061;403.444618;-0.000265;0.530271;344.138614
1227;0.000415;-0.278926;404.833075;-0.000016;0.303998;393.738306
1228;0.000365;-0.234095;396.241643;0.000525;-0.137873;473.529168
1229;0.000346;-0.221994;395.557594;0.000402;-0.037379;457.924686
1230;0.000354;-0.223060;393.859619;0.000387;-0.025230;458.180158
1258;-0.000093;0.127270;336.540296;0.000666;-0.284438;506.305260
1261;-0.000111;0.146760;332.116856;0.000709;-0.323218;514.075530
1264;0.000293;-0.172029;384.796139;0.000614;-0.235914;496.524754
1265;0.000386;-0.250934;399.280540;0.000606;-0.231193;495.955939
1268;0.000399;-0.262652;401.610725;0.000644;-0.263926;502.294135
1270;0.000392;-0.254940;399.929186;0.000650;-0.253334;498.295365
1271;0.000398;-0.261322;401.282969;0.000561;-0.183703;486.157523
1272;0.000403;-0.265852;402.216284;0.000658;-0.286852;508.720227
1273;0.000409;-0.273210;403.862749;0.000650;-0.275780;507.592049
1274;0.000427;-0.289830;407.275448;0.000671;-0.299999;514.544164
1275;0.000460;-0.320550;413.839158;0.000640;-0.291826;517.982159
1276;0.000462;-0.323321;414.454496;0.000616;-0.273997;517.202943
1277;0.000463;-0.324572;414.991872;0.000612;-0.283971;523.963078
1278;0.000484;-0.344291;419.119112;0.000489;-0.224597;522.185844
1279;0.000487;-0.347699;419.872489;0.000450;-0.184526;519.857639
1280;0.000485;-0.346586;419.697737;0.000348;-0.127557;519.068495
1281;0.000760;-0.609443;480.696256;0.000200;-0.031372;512.425218
1282;0.000801;-0.650263;490.335997;0.000040;0.063570;509.264987
1283;0.000586;-0.442087;441.275785;-0.000228;0.247763;492.684866
1284;0.000730;-0.588158;477.665012;-0.000310;0.243269;518.517759
1285;0.000857;-0.700847;501.112187;-0.000603;0.414386;516.743811
1286;0.000753;-0.601919;478.687117;-0.000860;0.518153;538.266188
1288;0.000841;-0.682756;496.606945;-0.004864;3.389811;163.123321
1289;0.000847;-0.689580;498.471477;0.003404;-2.606609;883.503580
1291;0.000352;-0.227811;396.892398;-0.000104;-0.940248;1015.239987
1292;0.000400;-0.266972;402.266450;0.005155;-4.244833;1268.030572
1293;0.000378;-0.254141;401.080331;0.005256;-4.312632;1283.315599
1294;0.000205;-0.098181;372.751488;0.003051;-2.297128;835.655440
1295;0.000134;-0.048586;367.935697;0.003021;-2.350518;866.103607
1296;0.000075;-0.008955;364.530434;0.002918;-2.247456;832.954140
1297;0.000014;0.039297;354.761930;0.002189;-1.673167;729.117457
1298;0.000032;0.058889;341.524179;0.002932;-2.383225;885.535064
1299;-0.000049;0.125287;330.827904;0.002495;-1.972391;790.370152
1300;-0.000112;0.183021;319.326493;0.003070;-2.553616;930.450277
1301;-0.000166;0.208638;317.845462;0.006410;-5.570802;1581.853790
1302;-0.000221;0.253347;310.647449;0.000813;-0.503289;474.466147
1303;-0.000282;0.302578;302.314767;0.000633;-0.380065;455.066329
1304;-0.000320;0.335234;296.446227;0.000538;-0.323751;447.325943
1305;-0.000604;0.549937;266.750120;0.000142;-0.039189;399.333399
1306;0.000130;-0.185206;435.279547;-0.000614;0.517718;308.698750
1307;-0.000377;0.243954;359.452546;-0.001534;1.172395;231.075769
1308;-0.000843;0.730233;236.209261;-0.002250;1.648556;191.758455
1309;-0.000322;0.370991;283.858789;-0.002885;2.084535;153.980973
1310;-0.000350;0.331171;313.481818;-0.003517;2.528798;113.017841
1311;-0.000245;0.160856;373.672167;-0.004082;2.913967;84.148158
1312;-0.000260;0.248117;327.668340;-0.004381;3.052908;105.486379
1313;0.000229;-0.137712;381.133638;-0.004893;3.409658;81.725837
1314;0.000321;-0.294549;435.466168;-0.005417;3.771164;54.263103
1315;0.000143;-0.196808;442.168035;-0.004941;3.317041;173.092722
1316;0.000413;-0.348869;446.068197;-0.006272;4.296945;53.680253
1318;0.000279;-0.137118;376.129109;0.003208;-4.699012;2056.021204
1319;0.000015;-0.014295;389.720179;0.005355;-5.319169;1726.742496
1320;-0.000534;0.462092;302.676816;0.000349;-0.249874;459.673795
1321;-0.000284;0.251266;344.261084;-0.000128;0.076042;438.197632
1322;-0.000248;0.207317;355.873800;-0.000579;0.362244;427.850078
1323;-0.000083;0.090562;368.028032;-0.001023;0.643683;421.751726
1324;0.000440;-0.252412;395.039094;-0.000813;0.335085;534.115587
1325;0.000421;-0.240982;393.483711;-0.000452;-0.102352;678.010882
1326;0.000134;-0.055103;373.078841;-0.001050;0.162169;725.749832
1328;-0.000346;0.278814;340.003339;-0.001016;0.155265;757.689056
1329;-0.000088;0.029440;394.572577;-0.002331;1.222535;585.646519
1330;-0.000126;0.055146;391.800659;-0.002333;1.179860;609.449093
1331;-0.000249;0.145564;378.451175;-0.002912;1.590112;565.231331
1332;0.000077;-0.049532;386.060092;-0.003207;1.759318;566.515885
1333;-0.000734;0.630950;258.124705;-0.005853;4.253104;1.758161
1334;-0.000888;0.760109;234.402180;-0.004437;3.131457;184.114392
1335;-0.000665;0.594811;257.668821;-0.005406;3.889586;63.955888
1337;-0.000818;0.721235;235.205451;0.019472;-23.406298;7528.487802
1338;-0.000743;0.656727;247.869510;0.018979;-22.773475;7333.849313
1339;-0.000735;0.651005;248.603311;0.018675;-22.116850;7081.814310
1340;-0.000955;0.818580;223.497345;0.019597;-23.087271;7334.275717
1341;-0.000779;0.679965;246.111361;0.018110;-21.433000;6875.436802
1342;-0.000710;0.619935;258.418207;0.019513;-23.009759;7317.417654
1343;-0.000753;0.652972;253.334676;0.019899;-23.504149;7474.498426
1344;-0.000851;0.717081;248.122261;0.019042;-22.608093;7242.857048
1345;-0.000770;0.651643;259.602573;0.017612;-21.490742;7043.551983
1346;-0.000887;0.752355;239.726567;0.017669;-21.628834;7101.034612
1348;-0.000748;0.649282;254.163975;0.018196;-22.070080;7189.305753
1353;-0.000833;0.712998;244.931702;-0.004616;3.411414;119.444702
1356;-0.000759;0.657924;252.401176;-0.004233;3.150246;158.863113
1357;-0.000747;0.646643;255.013053;-0.004548;3.427488;106.480579
1358;-0.000796;0.682863;250.214011;-0.004850;3.649194;77.568671
1359;-0.000877;0.754012;235.686450;0.001526;-1.033302;634.324770
1360;-0.000818;0.696745;249.240967;0.001356;-0.880659;600.893054
1361;-0.000795;0.681413;250.809259;-0.000093;0.285665;383.594997
1362;-0.000834;0.712869;245.659966;-0.000292;0.440197;353.433801
1363;-0.000773;0.660318;255.814421;-0.000155;0.312864;379.052904
1364;-0.000848;0.726980;242.024373;0.001212;-0.789874;589.649912
1365;-0.000780;0.660082;257.924122;0.000687;-0.303689;489.646044
1366;-0.000832;0.711593;245.495068;0.001364;-0.916681;619.765762
1367;-0.000932;0.788518;233.464741;0.001350;-0.900681;616.027615
1368;-0.000780;0.666532;254.276643;0.001132;-0.714174;582.553590
1369;-0.000802;0.680760;253.299249;0.001167;-0.736684;584.366479
1370;-0.000902;0.766507;236.206940;0.000905;-0.525973;549.225854
1371;-0.000809;0.686788;251.537706;0.000650;-0.302176;508.075851
1372;-0.000596;0.537600;270.059784;0.000949;-0.586778;573.726947
1373;-0.000759;0.635348;264.110140;0.000952;-0.598742;582.125683
1374;-0.000726;0.602617;272.102425;0.000967;-0.604945;581.416530
1396;-0.000196;0.206824;329.633877;0.001621;-1.235729;715.302457
1397;-0.000870;0.741172;240.878845;0.000391;-0.216110;516.524148
1398;-0.000903;0.774697;232.909323;0.000391;-0.230927;521.885019
1399;-0.000952;0.810832;227.948474;0.000770;-0.565255;594.364004
1400;-0.000962;0.820981;225.430887;0.001468;-1.263392;759.486690
1401;-0.000888;0.768913;231.571722;0.001175;-0.989457;703.195270
1402;-0.000849;0.737414;236.955277;0.001853;-1.622636;841.106309
1403;-0.000866;0.752920;233.364103;0.001577;-1.359309;782.127559
1404;-0.000861;0.737055;239.542841;0.001543;-1.353381;790.276374
1405;-0.000895;0.770678;231.527101;0.001817;-1.601062;842.778105
1406;-0.000902;0.777742;229.658614;0.002114;-1.884701;908.677031
1407;-0.000880;0.757953;234.069718;0.001479;-1.435860;856.711827
1408;-0.000824;0.708638;243.932516;0.001848;-1.801738;944.861832
1409;-0.001001;0.854880;217.058966;0.002746;-2.609713;1113.014974
1410;-0.000879;0.760304;231.766666;0.002341;-2.270678;1059.484305
1411;-0.000811;0.693609;247.715702;0.001243;-1.298021;851.312229
1412;-0.000931;0.783196;234.464608;0.001947;-1.966505;1008.143639
1415;-0.000916;0.768161;237.910473;-0.000310;0.631940;299.059716
1416;-0.000868;0.724120;248.427366;-0.000213;0.515866;340.324798
1417;0.000843;-0.697943;506.215949;-0.000188;0.452945;370.757268
1418;0.000643;-0.538844;481.737844;0.000135;0.139568;447.237984
1419;0.000966;-0.794033;523.466011;0.000053;0.200889;443.329170
1420;0.001010;-0.849546;539.827978;-0.000121;0.358873;421.265994
1421;0.000836;-0.711083;518.866037;-0.000154;0.385490;421.255452
1424;0.000672;-0.532636;470.954316;-0.001539;1.421762;254.228537
1425;0.000506;-0.395206;446.086450;-0.001222;1.042211;340.079365
1426;-0.000485;0.468472;274.340169;-0.000794;0.565442;443.659153
1427;-0.000107;0.104096;358.725677;-0.000918;0.636566;438.967857
1428;-0.000584;0.475159;300.787091;-0.001253;0.877841;402.178878
1429;0.000463;-0.343710;427.873022;-0.001620;1.161692;356.156060
1430;-0.000473;0.408502;298.925713;-0.001861;1.324158;335.129485
1431;0.000087;-0.063162;384.184273;-0.002514;1.750137;282.323423
1432;0.000130;-0.026721;357.390679;-0.002958;1.717181;366.492048
1433;0.000246;-0.161206;389.536456;-0.003404;1.886599;407.235006
1434;-0.000151;0.038401;400.822303;0.001545;-2.379530;1233.371042
1435;0.000375;-0.241724;397.235023;0.000756;-1.009910;729.644461
1436;-0.000169;0.131461;366.072010;-0.001275;0.875968;316.300404
1437;0.000342;-0.361412;471.156794;-0.000003;-0.270068;565.519649
1438;0.000245;-0.213678;415.644488;-0.000833;0.342014;491.357041
1439;-0.000228;0.105040;384.019604;0.000542;-0.960027;770.125764
1441;0.000087;-0.061480;392.230691;-0.002333;1.330130;425.260973
1442;0.000200;-0.107602;390.356926;-0.001724;1.354865;206.581609
1443;-0.000183;0.117841;380.819230;0.003172;-3.113393;1198.112432
1444;0.000047;0.020898;368.729733;0.002009;-2.129902;1025.339102
1445;0.000089;-0.030819;384.977646;0.000104;-0.529303;724.392560
1446;0.000489;-0.287492;402.019078;-0.000210;-0.438826;784.388166
1447;0.000023;0.097263;333.081823;-0.000213;-0.607996;877.392488
1449;-0.000264;0.225339;340.098594;-0.002596;1.468945;475.219824
1450;0.000403;-0.322851;439.481487;-0.003061;1.769553;458.730555
1451;0.000045;-0.028629;390.333252;-0.003791;2.272202;410.118578
1452;-0.000090;0.077304;372.939904;-0.004320;2.618540;385.080324
1453;0.000738;-0.578431;479.425883;-0.003620;1.954663;542.615742
1454;0.000238;-0.170935;404.847853;-0.004316;2.656912;379.906214
1455;0.000119;-0.105222;406.625893;-0.004421;2.683266;405.053208
1456;-0.000107;0.048419;391.285765;-0.003612;2.317828;364.756368
1457;-0.000273;0.172330;372.882107;-0.003627;2.286164;396.203417
1458;-0.000185;0.097293;386.069343;-0.003824;2.401368;395.802410
1459;-0.000134;0.038615;399.346352;-0.003935;2.452345;404.278633
1460;-0.000061;-0.027105;411.889306;-0.004247;2.653407;384.931375
1461;-0.000004;-0.075201;420.672182;-0.004601;2.835558;373.870276
1462;0.001089;-0.909351;549.177584;0.000116;-0.133727;545.869427
1463;0.000374;-0.231090;394.551470;0.000622;-0.543162;618.792247
1464;0.000388;-0.246478;397.861855;0.000124;-0.140655;554.444420
1465;0.000330;-0.198246;389.264121;-0.000132;0.059402;521.293099
1466;0.000277;-0.153733;381.182936;-0.000041;-0.015973;538.691571
1467;0.000295;-0.169107;384.018012;-0.000357;0.226201;499.482477
1468;0.000240;-0.123118;376.073035;-0.000561;0.415498;460.086766
1469;0.000338;-0.201438;389.028506;-0.000796;0.605841;427.004150
1470;0.000242;-0.124320;376.162013;-0.000794;0.620592;426.168674
1471;0.000289;-0.168873;385.640669;-0.000978;0.758484;406.098503
1472;0.000253;-0.134340;378.570763;-0.000773;0.615620;430.979922
1473;0.000223;-0.112382;375.203914;-0.001003;0.784882;405.149117
1474;0.000261;-0.147538;382.155798;0.024584;-27.570444;8233.367027
1475;0.000206;-0.096309;371.483213;0.020331;-23.008755;7015.176404
1476;0.000271;-0.151979;381.725305;-0.001099;0.822391;416.020193
1477;0.000228;-0.112150;373.781564;-0.001307;0.979235;393.029277
1478;0.000272;-0.153720;382.198715;-0.001124;0.823432;427.451444
1479;0.000236;-0.120967;375.557357;-0.001088;0.780918;440.911457
1480;0.000229;-0.114941;374.499756;-0.002128;1.821313;193.760795
1485;0.000236;-0.118460;374.674389;0.000610;-0.398339;541.282797
1486;0.000302;-0.177763;386.063645;0.000844;-0.603957;586.522356
1487;0.000315;-0.183491;386.163539;0.000584;-0.352947;528.909420
1488;0.000364;-0.238011;397.961233;0.001079;-0.819538;636.899285
1489;0.000361;-0.228106;395.244202;0.001381;-1.111742;707.680819
1490;0.000345;-0.223440;395.634919;-0.000066;0.000552;550.619049
1491;0.000393;-0.254118;399.501399;-0.001417;0.994141;408.332169
1492;0.000411;-0.275994;404.383033;-0.001714;1.231127;370.347727
1493;0.000408;-0.268393;402.303202;-0.001600;1.102864;406.725204
1494;0.000384;-0.255717;401.135887;-0.001924;1.355610;366.982228
1495;0.000340;-0.214345;392.916233;-0.001772;1.211714;405.117505
1496;0.000389;-0.260358;402.067428;0.001872;-1.875099;968.938736
1497;0.000429;-0.292858;407.507725;0.000703;-0.993272;836.160628
1498;0.000435;-0.298077;408.530510;0.002406;-2.356595;1073.356688
1499;0.000428;-0.291999;407.342116;0.000726;-1.068364;871.140960
1500;0.000428;-0.291501;407.240744;0.001800;-1.924559;1024.115390
1501;0.000440;-0.303268;409.687169;0.000889;-0.716911;632.236779
1502;0.000440;-0.303337;409.746504;-0.000533;0.690186;296.072567
1503;0.000399;-0.261129;401.000355;-0.000050;0.333481;340.080084
1504;0.000348;-0.217070;392.673288;0.000893;-0.567679;554.334591
1505;0.000381;-0.245916;398.151152;0.000854;-0.579638;570.772242
1506;0.000320;-0.202985;392.924637;-0.000207;0.536652;284.370711
1507;0.000384;-0.257064;403.420082;-0.000829;1.130883;146.429728
1508;0.000346;-0.222539;396.063551;0.000961;-0.680940;599.610385
1509;0.000382;-0.255782;403.091012;0.001209;-0.870035;632.498894
1510;0.000474;-0.339868;418.493806;0.000699;-0.437416;549.083930
1511;0.000424;-0.298504;411.013859;0.000955;-0.694121;611.520792
1512;0.000426;-0.304160;412.428012;0.000949;-0.684207;612.978585
1513;0.000369;-0.247894;400.811450;0.000879;-0.619522;600.471205
1514;0.000313;-0.190215;388.427600;0.001016;-0.746110;629.444854
1515;0.000392;-0.250127;398.328994;0.000889;-0.692917;632.958527
1516;0.000354;-0.210284;390.027836;0.001497;-1.278101;752.315190
1517;0.000426;-0.302395;410.906576;0.000113;-0.177338;576.232883
1518;0.000394;-0.270242;404.246544;0.000231;-0.314432;610.834598
1519;0.000359;-0.231069;395.840574;0.000619;-0.718382;703.089064
1520;0.000318;-0.182347;385.164727;0.001736;-1.646087;874.147896
1521;0.000295;-0.156641;379.579739;0.002332;-2.185565;991.109837
1522;0.000283;-0.142940;376.583692;0.002683;-2.546374;1086.131226
1523;0.000335;-0.182589;383.498047;0.003141;-3.077758;1225.158220
1524;0.000435;-0.309222;412.170945;0.004134;-3.977915;1423.257309
1525;0.000423;-0.297863;409.881173;0.002350;-2.164466;979.926559
1526;0.000397;-0.271359;404.388872;0.001786;-1.689493;884.956167
1527;0.000369;-0.246254;399.480367;0.001575;-1.500189;853.893929
1528;0.000352;-0.230744;396.439023;0.001796;-1.718622;901.588324
1529;0.000354;-0.229813;395.988948;0.001697;-1.643704;890.306972
1530;0.000348;-0.224049;394.837182;0.001664;-1.591480;882.607726
1531;0.000352;-0.226725;395.392718;0.002727;-2.567704;1076.298622
1532;0.000347;-0.220226;393.914662;0.003916;-3.280295;1114.595491
1533;0.000339;-0.212412;392.275387;0.003190;-2.990026;1167.362474
1534;0.000343;-0.214908;392.827782;0.003162;-2.998978;1177.306264
1535;0.000344;-0.215227;392.911979;0.003580;-3.340428;1242.319737
1536;0.000365;-0.271790;408.328128;0.003426;-3.243936;1232.547413
1537;0.000254;-0.157784;384.562165;0.004461;-4.012996;1370.165835
1538;0.000324;-0.233187;400.063811;0.004511;-4.038179;1372.699861
1539;0.000295;-0.163651;382.318994;0.004681;-4.312381;1439.937184
1540;0.000116;-0.052597;366.097887;0.002295;-2.222362;1058.647099
1541;0.000163;-0.105959;377.866830;0.003527;-3.573640;1342.845344
1542;0.000159;-0.107757;378.390672;0.004378;-4.271243;1468.080616
1543;0.000180;-0.139872;386.078207;0.005661;-5.198163;1593.501954
1544;0.000288;-0.156002;379.966084;0.005344;-4.899885;1524.560772
1546;0.000312;-0.133367;370.830518;0.001846;-1.292531;664.638609
1548;0.000291;-0.154013;379.074875;0.000888;-0.351866;445.745557
1549;0.000107;-0.028896;358.614064;0.005884;-5.487930;1695.230926
1550;0.000166;-0.089078;371.378082;0.006684;-6.232921;1862.923913
1551;0.000150;-0.068211;366.404281;0.005832;-5.311845;1618.554190
1552;0.000097;-0.008498;353.153643;0.007019;-6.442881;1885.214639
1553;-0.000042;0.100251;334.882529;0.006733;-6.144309;1807.569482
1554;-0.000049;0.108434;333.341820;0.006779;-6.193824;1823.022080
1555;0.000119;-0.019632;354.463079;0.004293;-3.831667;1292.759128
1556;0.000129;-0.037875;359.680467;0.004614;-4.099612;1330.448171
1557;0.000146;-0.049895;361.923602;0.004369;-3.874073;1279.531413
1558;0.000165;-0.065829;364.592574;0.004736;-4.055847;1293.220522
1559;0.000158;-0.060015;363.543583;0.003369;-2.833027;1034.940722
1560;0.000165;-0.066776;364.861399;0.002780;-2.440231;976.009665
1561;0.000157;-0.061375;363.781973;0.001883;-1.818268;895.736160
1562;0.000152;-0.057512;363.064030;0.002032;-1.936587;916.893216
1563;0.000162;-0.067037;364.983524;0.002354;-2.260336;994.305130
1564;-0.000010;0.072509;340.062090;0.002416;-2.309754;1001.997643
1565;-0.000018;0.072671;341.984659;0.003237;-3.003457;1134.305621
1566;0.000019;0.048669;345.245329;0.002982;-2.762538;1078.772151
1567;0.000116;-0.031113;359.091473;0.003363;-3.066241;1131.788852
1568;0.000133;-0.044170;361.433905;0.004153;-3.616844;1222.090646
1569;0.000147;-0.051462;361.960112;0.004525;-3.916639;1276.577940
1570;0.000158;-0.060795;363.679853;0.004492;-3.848592;1248.997386
1571;0.000011;0.054041;345.056372;0.003960;-3.511763;1203.124417
1572;0.000155;-0.058687;363.200366;0.004339;-3.932687;1319.803518
1573;-0.000004;0.068604;341.776780;0.004515;-4.097433;1355.186379
1574;0.000179;-0.079803;367.297764;0.006605;-5.953525;1747.342296
1575;0.000165;-0.068837;365.269193;0.006510;-5.862390;1725.925465
1576;0.000155;-0.059160;363.332321;0.005932;-5.294361;1588.312718
1577;-0.000098;0.144305;328.401048;0.005618;-4.978631;1511.549781
1578;-0.000111;0.156589;326.168034;0.005109;-4.439981;1374.647458
1579;-0.000099;0.140122;331.253699;0.006322;-5.459612;1587.110827
1580;-0.000094;0.143317;328.558418;0.005029;-4.361905;1356.472977
1581;0.000115;-0.034002;362.145258;0.004858;-4.255962;1342.734839
1582;0.000172;-0.069605;364.818320;0.005678;-5.017565;1517.305991
1583;0.000161;-0.060685;363.139404;0.006090;-5.388580;1600.138023
1584;0.000069;0.011589;351.350493;0.006575;-5.849695;1707.809287
1585;0.000070;0.008883;352.430260;0.006691;-5.956255;1732.686668
1586;0.000108;-0.022707;358.055508;0.006530;-5.789587;1690.074953
1587;-0.000138;0.180418;321.443456;-0.001587;0.979511;513.645847
1588;-0.000139;0.179325;322.316761;-0.001695;1.073619;502.354818
1589;-0.000123;0.164597;325.645679;-0.001911;1.092345;524.011130
1590;0.000114;-0.026308;358.761737;0.004004;-3.596135;1216.690804
1591;-0.000110;0.157486;325.797049;0.005085;-4.576001;1434.801506
1592;0.000129;-0.035518;359.104544;0.005788;-5.242528;1590.284037
1593;0.000126;-0.032861;358.923286;0.006474;-5.895713;1744.358752
1594;-0.000121;0.169041;322.710708;0.007149;-6.527449;1891.816940
1595;0.000179;-0.075494;366.003057;0.006782;-6.264183;1851.540062
1596;0.000163;-0.062170;363.654325;0.008699;-8.319351;2404.750408
1597;0.000118;-0.027575;358.220575;0.004029;-3.397543;1132.931355
1598;0.000177;-0.073795;365.762852;0.002845;-2.323279;907.509127
1599;0.000159;-0.058151;362.818391;-0.001469;1.660005;50.720186
1600;0.000224;-0.120805;377.905830;0.002050;-1.586687;755.728910
1601;0.000187;-0.091559;372.760289;0.001869;-1.353261;690.525861
1602;0.000229;-0.128394;379.999554;0.001967;-1.390768;692.055449
1603;0.000197;-0.100301;374.589006;0.002714;-2.103083;851.455885
1604;0.000260;-0.152849;384.164150;0.002769;-2.146736;861.882753
1605;0.000210;-0.109070;375.215657;0.002136;-1.703347;788.082201
1606;-0.000126;0.165660;326.355848;0.002084;-1.677677;786.492312
1607;0.000241;-0.134706;379.961284;0.002000;-1.633808;782.861812
1608;0.000257;-0.147823;382.400732;0.001965;-1.592109;774.453976
1609;0.000256;-0.146107;381.973148;0.002060;-1.652570;787.758975
1610;0.000124;-0.040701;364.019373;0.000565;-0.342199;545.198842
1611;0.000093;-0.013653;358.736366;0.000586;-0.312989;535.601393
1612;0.000125;-0.038337;362.837923;0.001974;-1.591128;783.227486
1613;-0.000130;0.168747;326.024609;0.002151;-1.696428;796.841778
1614;0.000121;-0.036116;362.618667;0.001920;-1.521148;767.320605
1615;0.000108;-0.024339;360.281547;0.001831;-1.482324;769.645759
1616;0.000119;-0.030424;360.033662;0.002060;-1.695478;811.911645
1617;0.000138;-0.047781;363.454017;0.000506;-0.259280;538.114108
1618;0.000117;-0.029274;359.887194;0.000576;-0.269322;537.743314
1619;0.000187;-0.087403;370.085788;0.000508;-0.199078;523.527289
1620;0.000116;-0.025525;357.973802;0.000164;0.078768;478.039239
1621;0.000153;-0.056595;363.946569;-0.000256;0.418719;416.009454
1622;0.000155;-0.056475;363.201830;0.001408;-1.322768;767.366446
1623;0.000114;-0.023449;357.639457;-0.000787;0.818342;348.157938
1624;0.000132;-0.034042;358.216645;0.013712;-18.171235;6427.089842
1625;0.000067;0.020012;348.415491;-0.000915;0.898311;337.342354
1626;0.000094;-0.005352;353.870234;-0.000929;0.931537;334.773883
1627;0.000118;-0.021968;355.908105;0.023863;-29.258186;9446.182024
1630;0.000099;-0.008031;354.039872;0.002891;-2.596595;1032.339275
1631;0.000109;-0.014849;354.734221;0.002636;-2.432996;1006.136363
1632;0.000137;-0.038722;359.111957;0.002471;-2.336694;1000.681966
1633;0.000124;-0.027662;356.965490;-0.000205;0.263201;500.431735
1634;0.000115;-0.018430;355.069048;0.003978;-3.517536;1199.041666
1635;0.000131;-0.032641;357.852204;0.004077;-3.628127;1234.327091
1636;0.000121;-0.024520;356.385309;0.004267;-3.758064;1244.198120
1637;0.000103;-0.010333;353.893453;-0.001274;0.903397;418.346843
1638;0.000058;0.024472;348.805790;0.003388;-2.887777;1039.327488
1639;0.000082;0.004124;352.542790;0.003624;-3.058008;1069.007591
1640;0.000083;0.003340;352.699938;0.003621;-3.108622;1089.851725
1641;0.000075;0.011234;351.160458;0.003762;-3.231288;1115.024119
1642;0.000073;0.012873;350.593772;0.003820;-3.213142;1087.558073
1643;0.000084;0.006337;350.678245;0.002829;-2.659319;1081.917359
1644;0.000076;0.013427;349.280904;0.002673;-2.451185;1019.297200
1645;0.000068;0.019215;348.378249;0.002335;-2.173762;964.226586
1646;0.000066;0.021812;347.864185;0.002256;-2.172077;988.024162
1647;0.000063;0.024763;347.161353;0.002065;-2.056842;981.518737
1648;0.000064;0.023824;347.283271;0.003651;-3.273806;1160.164512
1649;-0.000555;0.516307;263.924011;-0.001249;0.846619;433.939794
1650;-0.000558;0.520096;262.958226;0.003907;-3.530542;1225.008949
1651;0.000059;0.027832;346.681053;0.005638;-5.022602;1527.561528
1652;-0.000205;0.242297;309.507972;0.002950;-2.323960;864.346713
1653;0.000058;0.022774;349.755828;0.003559;-3.321830;1221.401143
1654;0.000044;0.036664;346.594779;0.005779;-5.058496;1515.928036
1655;-0.000557;0.519436;263.117858;0.004008;-3.739314;1306.932248
1656;0.000067;0.020314;348.740144;0.005938;-5.342476;1610.887937
1657;0.000073;0.013347;350.320031;0.004495;-3.962233;1284.729289
1658;0.000066;0.021553;347.965079;0.004708;-4.161677;1329.362739
1659;0.000066;0.021699;348.012780;0.003293;-2.820172;1023.649065
1660;0.000062;0.024683;347.437034;0.003017;-2.539456;955.199018
1661;-0.000744;0.670152;237.232328;0.002896;-2.418634;926.455805
1662;-0.000545;0.507507;265.942524;0.003034;-2.539758;951.476458
1663;-0.000549;0.509218;266.127310;0.002721;-2.256209;891.502756
1664;0.000044;0.035988;346.958308;0.003141;-2.569129;942.048370
1665;0.000010;0.066063;340.665654;0.002998;-2.437641;912.590757
1666;0.000045;0.040071;344.812567;0.003052;-2.504772;927.910509
1667;0.000015;0.063357;340.882695;0.002676;-2.218533;884.726170
1668;0.000005;0.071053;339.477395;0.002969;-2.454075;928.031433
1669;0.000027;0.054158;342.229205;0.002789;-2.354657;925.581086
1670;0.000026;0.055443;341.965107;0.002938;-2.444286;931.069587
1671;0.000024;0.056463;341.928620;0.002638;-2.138884;852.690389
1672;0.000003;0.073829;338.864818;0.002474;-2.037491;845.203516
1673;0.000006;0.070482;339.735825;0.002341;-1.905889;818.971664
1674;0.000003;0.072882;339.389951;0.002489;-1.943050;814.023861
1675;-0.000497;0.466183;274.169667;0.001990;-1.495781;718.699039
1676;-0.000489;0.459787;275.368349;0.001492;-1.056107;626.701530
1677;-0.000488;0.460126;274.951675;0.001274;-0.879676;595.442307
1678;-0.000543;0.505468;266.382077;0.000208;-0.096678;465.463975
1679;-0.000563;0.526311;261.581003;0.000300;-0.159808;476.039608
1680;0.000037;0.045987;343.659003;-0.000111;0.163276;420.073771
1681;-0.000568;0.524213;263.619253;0.000062;0.031162;444.007289
1682;-0.000574;0.528357;263.221996;-0.000051;0.107362;432.527241
1683;-0.000602;0.551853;258.501092;0.001255;-0.923177;610.871089
1684;-0.000617;0.554171;261.303774;0.001283;-0.944934;617.134005
1685;-0.000616;0.553813;261.266669;0.001063;-0.750960;580.607630
1686;-0.000596;0.546205;259.683966;0.000572;-0.163475;456.252980
1687;-0.000617;0.555928;260.581440;0.001437;-1.097977;652.568792
1688;-0.000597;0.548168;259.053187;0.000898;-0.683482;578.414754
1689;-0.000602;0.536401;266.422354;0.001024;-0.778114;596.424407
1690;-0.000608;0.542053;265.321698;0.001284;-0.979292;631.420729
1691;-0.000565;0.507274;271.529325;0.001150;-0.867908;614.220503
1692;-0.000603;0.536523;266.926767;0.002108;-1.629366;746.187035
1693;-0.000588;0.526037;268.032952;0.001422;-1.063916;648.447132
1694;-0.000582;0.519965;269.306468;0.002334;-1.720772;760.010967
1695;-0.000571;0.506466;273.179329;0.000690;-0.568050;573.650544
1696;-0.000565;0.499930;274.925139;0.001143;-0.927849;637.621922
1697;-0.000309;0.261024;328.723011;0.001188;-0.996177;660.830211
1698;-0.000304;0.256411;329.900735;0.001477;-1.331036;752.027728
1699;-0.000141;0.102106;365.516410;0.001393;-1.260091;740.349009
1700;-0.000303;0.256339;329.604589;0.001910;-1.679597;825.826046
1701;-0.000268;0.220952;338.494118;0.001794;-1.646261;840.946895
1702;-0.000513;0.452126;285.713265;0.002157;-1.970014;923.833570
1703;-0.000459;0.398420;298.602104;0.002667;-2.323397;967.335477
1704;-0.000610;0.526588;273.850884;0.002175;-2.017677;950.917928
1705;-0.000603;0.524475;273.757951;0.001853;-1.748027;892.279107
1706;-0.000622;0.538416;271.196655;0.001638;-1.270925;692.902551
1707;-0.000622;0.538655;270.961739;0.000767;-0.927515;813.757838
1708;-0.000273;0.222857;339.074424;-0.002018;1.885759;122.163985
1709;-0.000292;0.235049;338.877918;-0.000749;0.781866;359.386672
1710;-0.000217;0.167045;352.745304;-0.003711;2.868486;134.438774
1711;-0.000241;0.185129;350.179894;-0.003900;2.804823;190.467786
1712;-0.000164;0.118417;363.314793;0.003152;-2.601043;952.646244
1713;-0.000186;0.135468;360.865364;0.002411;-2.018316;859.910580
1714;-0.000182;0.131248;361.747204;0.002004;-1.705991;816.926865
1715;-0.000190;0.139017;360.128226;0.002092;-1.742576;815.532077
1716;-0.000182;0.132930;361.300420;0.001880;-1.599459;794.571305
1717;-0.000190;0.139149;360.057535;0.002893;-2.432372;937.784216
1718;-0.000197;0.145920;358.628698;0.001374;-1.238796;742.467845
1719;-0.000192;0.145209;357.152522;0.000554;-0.534190;608.791055
1720;-0.000223;0.174334;350.630121;0.000818;-0.687421;630.735055
1721;-0.000215;0.160553;355.690601;0.001768;-1.454656;758.388454
1722;-0.000182;0.134217;359.800081;-0.000336;-0.018941;580.222925
1723;-0.000184;0.136150;359.487440;0.003321;-2.793721;1011.063598
1724;-0.000185;0.136432;359.427255;0.004208;-3.461672;1120.438024
1726;-0.000180;0.133180;359.993372;0.005276;-4.287446;1284.196975
1727;-0.000194;0.148295;356.291351;0.003891;-3.359709;1151.351766
1728;-0.000208;0.159538;354.199731;0.003836;-3.257470;1108.597505
1729;-0.000205;0.157959;354.458546;0.003271;-2.788736;1030.114404
1730;-0.000195;0.148818;356.246082;0.002837;-2.462443;982.642703
1731;-0.000195;0.148414;356.324636;0.004353;-3.648363;1174.508741
1732;-0.000275;0.224315;338.730483;0.001505;-1.568668;871.378797
1733;-0.000216;0.166559;352.720171;0.001471;-1.534962;869.253541
1734;-0.000207;0.163638;351.874267;0.000575;-0.789583;741.117252
1735;-0.000272;0.224882;337.658586;0.000447;-0.692049;728.887155
1736;-0.000208;0.163492;351.882792;-0.000885;0.587517;480.635552
1737;-0.000348;0.271134;335.194035;-0.000729;0.478853;504.022238
1738;-0.000205;0.161734;352.233808;-0.000180;0.103626;567.348188
1739;-0.000206;0.163175;351.883655;0.001576;-1.227597;789.681481
1740;-0.000192;0.151716;354.083376;0.002765;-2.498976;1056.856835
1741;-0.000327;0.254864;338.204767;0.005617;-4.797606;1452.754464
1742;-0.000250;0.207934;340.424095;0.001474;-1.631882;925.983250
1743;-0.000363;0.286588;331.444761;0.000929;-1.231953;867.305807
1744;-0.000213;0.171674;349.305610;0.000944;-1.284944;892.716409
1745;-0.000234;0.189736;345.787039;0.004708;-4.244190;1390.661369
1746;-0.000212;0.172984;348.046749;0.001065;-1.410290;930.482847
1747;-0.000201;0.162898;350.457060;0.000728;-1.108225;867.193580
1748;-0.000218;0.178203;346.967648;0.001246;-1.592720;978.059817
1749;-0.000258;0.219075;336.783095;0.000839;-1.245281;913.361449
1750;-0.000216;0.176673;347.316730;0.001682;-1.984410;1049.629720
1751;-0.000197;0.158233;351.442563;0.002946;-2.511527;967.085377
1752;-0.000338;0.267979;333.809707;0.003176;-2.676461;988.652396
1753;-0.000326;0.257116;336.006999;0.002833;-2.371662;923.728341
1754;-0.000214;0.176011;346.809283;0.008703;-8.347293;2425.059766
1755;-0.000309;0.247171;336.594441;0.004373;-4.039783;1370.394380
1756;-0.000491;0.384795;315.571915;0.002543;-2.440161;1047.377122
1757;-0.000315;0.253359;335.038941;0.002112;-2.101117;985.640257
1758;-0.000380;0.316792;319.661938;0.000358;-0.465597;669.702931
1759;-0.000297;0.240088;336.717198;0.002397;-2.360544;1035.113569
1760;-0.000522;0.409245;311.213774;0.001670;-1.805431;951.063710
1761;-0.000384;0.312807;323.514113;0.002119;-2.182170;1022.959816
1762;-0.000167;0.141456;351.389737;0.001771;-1.905106;977.199907
1763;-0.000179;0.150522;349.873668;0.004851;-4.212750;1320.899422
1764;-0.000211;0.180790;343.681446;0.002330;-2.355110;1056.172719
1765;-0.000135;0.114056;356.262912;0.003787;-3.094880;1033.863179
1766;-0.000167;0.141631;350.668001;0.003430;-2.742259;941.304231
1767;-0.000309;0.281438;316.157390;0.003362;-2.658352;916.554658
1768;-0.000172;0.142551;350.817936;0.001361;-1.764425;1016.528769
1769;-0.000151;0.124960;353.578260;0.004652;-3.942477;1233.045949
1770;-0.000094;0.081102;359.878431;-0.001907;1.197944;469.144468
1771;-0.000084;0.072527;361.046818;-0.000127;-0.324727;750.320015
1772;-0.000109;0.092054;357.197627;0.003624;-3.205670;1123.867099
1773;-0.000090;0.073836;361.127881;0.005540;-5.114783;1604.248691
1774;-0.000047;0.040305;365.943483;0.005030;-4.324510;1335.402822
1775;-0.000096;0.075594;360.410322;0.004193;-3.556899;1158.619177
1776;-0.000116;0.095699;355.290534;0.005987;-5.472244;1657.113375
1777;-0.000166;0.134296;348.107499;0.003107;-3.490566;1412.110550
1778;-0.000205;0.163477;343.002782;0.005252;-5.141774;1675.179370
1779;-0.000248;0.195438;337.552896;0.005539;-5.398711;1725.052474
1780;-0.000251;0.195847;337.679470;0.005740;-5.583594;1762.267154
1781;-0.000002;0.034923;363.866919;0.004462;-4.124875;1357.654965
1782;-0.000025;0.059478;357.525686;0.004470;-4.092955;1340.376623
1783;0.000019;0.026125;362.600915;0.003155;-2.813096;1037.301231
1784;0.000012;0.028802;363.094850;0.003427;-3.050437;1087.131389
1816;-0.000006;0.038562;363.096605;0.002586;-2.390177;963.381400
1817;0.000024;0.018837;364.838021;0.002577;-2.380405;960.982689
1820;0.000043;0.006183;366.197538;0.002617;-2.421497;971.386919
1821;-0.000006;0.038562;363.096605;0.002586;-2.390177;963.381400
1826;-0.000006;0.038562;363.096605;0.002586;-2.390177;963.381400
1827;0.000024;0.018837;364.838021;0.002577;-2.380405;960.982689
1828;0.000025;0.018454;364.908721;0.002620;-2.423829;971.800694
1829;0.000033;0.014808;364.296267;0.002644;-2.448092;977.804861
1833;0.000025;0.018454;364.908721;0.002620;-2.423829;971.800694
1836;-0.000051;0.076186;356.224428;0.002603;-2.406908;967.437330
1837;0.000024;0.018837;364.838021;0.002666;-2.467014;981.619635
1843;0.000024;0.018864;364.835994;0.004583;-4.420990;1473.459269
1844;-0.000011;0.047583;359.647397;0.004598;-4.437870;1478.147690
1845;-0.000007;0.041185;361.831520;0.004433;-4.318183;1463.821760
1846;0.000006;0.028170;364.949259;0.002402;-2.611097;1107.082109
1849;-0.000105;0.115489;350.397996;0.007566;-7.701602;2350.102685
1851;-0.000338;0.263387;328.492139;0.009666;-9.776476;2871.832838
1852;-0.000340;0.268359;326.906165;0.004721;-4.695849;1600.646704
1853;-0.000341;0.273052;325.221267;0.005202;-5.139027;1700.432124
1854;-0.000496;0.392404;306.878841;0.014399;-14.394785;3996.905214
1856;-0.000461;0.368376;310.771829;0.001401;-1.535499;957.056783
1860;-0.000413;0.338223;314.372611;0.004299;-3.887883;1376.772212
1861;-0.000418;0.339153;314.881670;0.001026;-1.301685;967.163628
1862;-0.000666;0.530472;283.777269;0.000566;-0.863407;863.520912
1863;-0.000447;0.361732;310.377313;-0.001725;1.065958;513.624256
1864;-0.000445;0.361650;309.860943;0.002739;-2.520742;1010.470438
1865;-0.000388;0.314774;319.116885;0.002580;-2.307268;939.190792
1866;-0.000382;0.307881;320.859464;0.002401;-2.115087;897.970961
1867;-0.000383;0.311749;319.643974;0.001438;-1.354596;782.554647
1868;-0.000399;0.326940;316.433301;0.003745;-3.205504;1104.323036
1869;-0.000389;0.320560;317.298416;-0.005259;3.945514;3.363894
1871;-0.000388;0.321566;316.073491;-0.000841;0.733809;395.748118
1872;-0.000416;0.345545;311.084517;0.003562;-3.098930;1094.337133
1873;-0.000401;0.333062;313.562019;0.001807;-1.777823;895.324013
1874;-0.000390;0.324421;315.276297;-0.000711;0.516707;460.204494
1875;-0.000356;0.297661;319.570007;0.001230;-1.294469;804.572373
1876;-0.000364;0.303819;318.420311;-0.002120;1.731499;236.649114
1877;-0.000380;0.314553;316.578543;0.000418;-0.712855;714.079980
1878;-0.000381;0.305752;321.150588;0.003082;-2.651648;983.443355
1879;-0.000402;0.331177;312.862339;0.002888;-2.484827;947.915378
1880;-0.000295;0.254384;322.511530;-0.003394;2.734628;66.236687
1881;-0.000301;0.260486;320.748899;-0.003722;3.033469;10.351141
1882;-0.000273;0.237650;325.001881;0.002801;-2.377276;921.273873
1883;-0.000124;0.110898;348.499471;0.002904;-2.450152;939.888546
1884;-0.000129;0.114094;347.601778;0.001289;-1.436017;854.908510
1885;-0.000175;0.146791;342.246612;0.000713;-1.016508;788.255661
1886;-0.000210;0.172893;337.168745;0.000348;-0.759126;748.011220
1887;-0.000344;0.283893;316.101318;0.002346;-2.129796;900.641163
1888;-0.000376;0.310411;311.247782;0.002441;-2.264927;943.460476
1889;-0.000096;0.133155;338.171973;0.002267;-2.122697;915.155270
1890;-0.000198;0.227264;318.426033;0.002732;-2.490371;973.423137
1891;-0.000127;0.168897;328.447534;0.002686;-2.503580;994.657068
1892;-0.000157;0.184686;328.551898;0.000704;-1.193143;862.403413
1921;-0.000125;0.167309;328.943443;0.002014;-2.065265;923.526497
1929;-0.000178;0.201459;325.745660;-0.000580;-0.263258;703.927454
1932;-0.000179;0.203132;325.100237;-0.000709;-0.134157;672.587851
1933;-0.000130;0.159515;334.218518;0.001847;-1.916694;892.040610
1939;0.000046;0.015928;358.710608;0.001473;-1.631005;850.147879
1941;0.000008;0.048710;352.573634;0.001482;-1.639772;852.347968
1942;0.000005;0.051472;352.095297;0.001457;-1.614909;846.283446
1949;-0.000455;0.394674;301.747835;0.001436;-1.600256;844.841167
1950;-0.000475;0.412261;298.203229;0.001350;-1.517419;825.277242
1952;-0.000537;0.463825;289.076589;0.001910;-1.938761;898.921401
1954;-0.000894;0.719976;246.412473;0.002940;-2.651291;1012.586972
1955;-0.000782;0.631225;261.081928;0.003007;-2.691390;1017.081133
1956;-0.000881;0.718169;244.959835;0.003078;-2.744732;1026.261144
1957;-0.000876;0.715808;245.071047;0.003250;-2.898507;1061.406476
1958;-0.000865;0.712464;244.550991;0.003383;-3.014273;1085.528518
1959;-0.000828;0.686199;248.401300;-0.003645;2.872044;93.235975
1960;-0.000815;0.677600;249.945946;-0.003353;2.656031;130.308642
1961;-0.000790;0.658629;252.952980;-0.003969;3.215299;17.920164
1962;-0.000834;0.695961;245.877184;-0.003496;2.807750;85.500803
1963;-0.000816;0.682807;247.431178;0.003225;-2.846210;1044.220629
1964;-0.000816;0.682389;247.658095;0.001374;-1.897991;1184.744968
1965;-0.000842;0.704234;243.004556;0.001968;-2.128858;1118.602860
1966;-0.000842;0.704250;243.006542;-0.001559;1.225465;355.660532
1967;-0.000824;0.688503;246.079768;0.001701;-1.832807;940.220218
1968;-0.000780;0.654983;252.009254;0.002072;-2.158215;1009.018167
1969;-0.000737;0.615758;260.719015;-0.002103;1.530819;334.207202
1970;-0.000756;0.634737;256.784259;-0.000196;-0.085745;623.641804
1971;-0.000780;0.654860;253.438275;0.003273;-2.931347;1082.012121
1972;-0.000772;0.654865;251.150242;0.004088;-3.710957;1266.213684
1973;-0.000787;0.668686;248.816043;0.003641;-3.277062;1161.599922
1974;-0.000769;0.651237;252.211103;0.003679;-3.722105;1385.716815
1975;-0.000784;0.664699;249.280477;0.003845;-3.912150;1441.740851
1976;-0.000705;0.589472;266.854352;0.004762;-4.290502;1384.834530
1977;-0.000599;0.491159;289.432154;0.004322;-4.352227;1541.964881
1978;-0.000645;0.535825;277.777566;0.003410;-2.969138;1071.622931
1979;-0.000614;0.511750;281.553072;0.003748;-3.220190;1115.461841
1980;-0.000588;0.493005;284.881802;0.003967;-3.334395;1126.559124
1981;-0.000463;0.379672;309.972219;0.004036;-3.350126;1119.036482
1982;-0.000569;0.480702;286.808229;0.004951;-4.429967;1437.851625
1983;-0.000558;0.469463;290.304714;0.002203;-2.191416;1054.079491
1984;-0.000544;0.459499;292.502473;0.002384;-2.588940;1225.305007
2010;-0.000564;0.492222;283.162043;-0.000787;0.004733;765.698327
